# 10 130 Symbols
100 0 20443136 34359738368 8500105216 178
98 0 20729856 34359738368 8500105216 178
100 0 20742144 34359738368 8500105216 178
6 0 20746240 34359738368 8500105216 178
0 0 20750336 34359738368 8500105216 178
0 4 20758528 34359738368 8500105216 178
1 0 20758528 34359738368 8500105216 178
0 0 20758528 34359738368 8500105216 178
1 0 20758528 34359738368 8354877440 178
0 0 20758528 34359738368 8354877440 178
0 0 20774912 34359738368 8354877440 178
1 0 20774912 34359738368 8354877440 178
0 3 20774912 34359738368 8354877440 178
0 0 20779008 34359738368 8354877440 178
1 0 20779008 34359738368 7571791872 178
0 0 20779008 34359738368 7571791872 178
97 0 20783104 34359738368 7571791872 178
87 0 20787200 34359738368 7571791872 178
0 3 20787200 34359738368 7571791872 178
0 0 20787200 34359738368 7571791872 178
44 0 20791296 34359738368 7571791872 178
99 0 20795392 34359738368 6158266368 178
37 0 20795392 34359738368 6064570368 178
0 0 20795392 34359738368 6064570368 178
1 0 20795392 34359738368 6064570368 178
0 4 20799488 34359738368 6064570368 178
0 3 20803584 34359738368 6064570368 178
1 0 20807680 34359738368 6064570368 178
0 0 20811776 34359738368 4759404544 178
0 0 20815872 34359738368 4759404544 178
0 0 20819968 34359738368 4759404544 178
0 3 20824064 34359738368 4759404544 178
0 1 20824064 34359738368 4759404544 178
0 0 20824064 34359738368 4759404544 178
62 0 20840448 34359738368 2857082880 178
76 0 20848640 34359738368 2744360960 178
0 0 20848640 34359738368 2744360960 178
0 0 20852736 34359738368 2744360960 178
0 2 20856832 34359738368 2744360960 178
0 0 20856832 34359738368 2744360960 178
1 0 20856832 34359738368 2744360960 178
0 0 20860928 34359738368 976416768 178
0 0 20865024 34359738368 753033216 178
0 0 20869120 34359738368 753033216 178
0 0 20877312 34359738368 753033216 178
1 2 20881408 34359738368 753033216 178
0 2 20881408 34359738368 753033216 178
0 0 20881408 34359738368 753033216 178
0 0 20889600 34359738368 753033216 178
14 0 20893696 34359738368 2292576256 178
100 0 20893696 34359738368 2772570112 178
45 0 20893696 34359738368 2772570112 178
0 0 20893696 34359738368 2772570112 178
0 0 20897792 34359738368 2772570112 178
0 2 20901888 34359738368 2772570112 178
80 0 20922368 34359738368 2772570112 178
87 0 20922368 34359738368 2772570112 178
0 0 20922368 34359738368 6506086400 178
0 0 20922368 34359738368 6865371136 178
33 0 20922368 34359738368 7225159680 178
97 0 20922368 34359738368 7225159680 178
0 2 20922368 34359738368 7225159680 178
0 0 20922368 34359738368 7225159680 178
28 0 20922368 34359738368 7343566848 178
100 0 20922368 34359738368 7343566848 178
8 0 20922368 34359738368 7343566848 178
0 0 20922368 34359738368 7343566848 178
15 1 20922368 34359738368 7343566848 178
99 2 20922368 34359738368 7343566848 178
23 0 20922368 34359738368 7343566848 178
0 0 20922368 34359738368 7462420480 178
1 0 20922368 34359738368 7283650560 178
1 0 20922368 34359738368 7147335680 178
0 0 20922368 34359738368 7147335680 178
0 1 20922368 34359738368 7147335680 178
1 1 20922368 34359738368 7147335680 178
1 1 20930560 34359738368 7147335680 178
0 0 20930560 34359738368 7147335680 178
0 0 20930560 34359738368 5688840192 178
1 0 20930560 34359738368 5558296576 178
0 0 20930560 34359738368 5558296576 178
0 0 20934656 34359738368 5558296576 178
0 1 20934656 34359738368 5558296576 178
71 0 20942848 34359738368 5558296576 178
66 0 20942848 34359738368 5558296576 178
0 0 20946944 34359738368 3765039104 178
0 0 20946944 34359738368 3624005632 178
0 0 20951040 34359738368 3624005632 178
0 0 20955136 34359738368 3624005632 178
sitecustomize..install_microlog_as_a_continuous_profiler
sitecustomize..<module>
/Users/laffra/dev/micrologai/microlog/.venv/lib/python3.11/site-packages/sitecustomize.py
importlib._bootstrap.._call_with_frames_removed
_frozen_importlib_external.SourceFileLoader.exec_module
/Library/Frameworks/Python.framework/Versions/3.11/lib/python3.11/importlib/_bootstrap_external.py
site..execsitecustomize
site..main
site..<module>
/Library/Frameworks/Python.framework/Versions/3.11/lib/python3.11/site.py
importlib._bootstrap..exec_module
importlib._bootstrap.._load_unlocked
importlib._bootstrap.._find_and_load_unlocked
importlib._bootstrap.._find_and_load
/Library/Frameworks/Python.framework/Versions/3.11/lib/python3.11/importlib/_bootstrap.py
Microlog: Using a signal timer with a sample delay of 0.05s
## Command line\n/Users/laffra/dev/micrologai/microlog/.venv/bin/python3 examples/example.py\n## Environment\n - TERM_PROGRAM: vscode\n - TERM: xterm-256color\n - SHELL: /bin/zsh\n - TMPDIR: /var/folders/mv/__z7_p816qg_qwf3js5gb5w00000gn/T/\n - TERM_PROGRAM_VERSION: 1.80.1\n - ZDOTDIR: /Users/laffra\n - ORIGINAL_XDG_CURRENT_DESKTOP: undefined\n - MallocNanoZone: 0\n - USER: laffra\n - COMMAND_MODE: unix2003\n - SSH_AUTH_SOCK: /private/tmp/com.apple.launchd.qVSzDUlJcZ/Listeners\n - __CF_USER_TEXT_ENCODING: 0x1F5:0x0:0x0\n - VIRTUAL_ENV: /Users/laffra/dev/micrologai/microlog/.venv\n - PATH: /Users/laffra/dev/micrologai/microlog/.venv/bin:/Library/Frameworks/Python.framework/Versions/3.10/bin:/Library/Frameworks/Python.framework/Versions/3.11/bin:/usr/local/bin:/System/Cryptexes/App/usr/bin:/usr/bin:/bin:/usr/sbin:/sbin:/var/run/com.apple.security.cryptexd/codex.system/bootstrap/usr/local/bin:/var/run/com.apple.security.cryptexd/codex.system/bootstrap/usr/bin:/var/run/com.apple.security.cryptexd/codex.system/bootstrap/usr/appleinternal/bin:/Library/Frameworks/Python.framework/Versions/3.10/bin:/Library/Frameworks/Python.framework/Versions/3.11/bin:/Users/laffra/.cargo/bin\n - USER_ZDOTDIR: /Users/laffra\n - __CFBundleIdentifier: com.microsoft.VSCode\n - PWD: /Users/laffra/dev/micrologai/microlog\n - LANG: en_US.UTF-8\n - VSCODE_GIT_ASKPASS_EXTRA_ARGS: --ms-enable-electron-run-as-node\n - XPC_FLAGS: 0x0\n - XPC_SERVICE_NAME: 0\n - VSCODE_INJECTION: 1\n - SHLVL: 2\n - HOME: /Users/laffra\n - VSCODE_GIT_ASKPASS_MAIN: /Applications/Visual Studio Code.app/Contents/Resources/app/extensions/git/dist/askpass-main.js\n - LOGNAME: laffra\n - VSCODE_GIT_IPC_HANDLE: /var/folders/mv/__z7_p816qg_qwf3js5gb5w00000gn/T/vscode-git-5ea1f84a0f.sock\n - VSCODE_GIT_ASKPASS_NODE: /Applications/Visual Studio Code.app/Contents/Frameworks/Code Helper (Plugin).app/Contents/MacOS/Code Helper (Plugin)\n - GIT_ASKPASS: /Applications/Visual Studio Code.app/Contents/Resources/app/extensions/git/dist/askpass.sh\n - VIRTUAL_ENV_PROMPT: (.venv) \n - COLORTERM: truecolor\n - _: /Users/laffra/dev/micrologai/microlog/.venv/bin/python3
EXAMPLE: start
run 1 of 10
run 2 of 10
run 3 of 10
run 4 of 10
run 5 of 10
run 6 of 10
run 7 of 10
run 8 of 10
run 9 of 10
run 10 of 10
EXAMPLE: done
\n# General Statistics\n- Performed 240 samples\n# GC Statistics\nGC ran 2 times for 0.000s (0.0% of 12.798s), averaging 0.000s per collection.\nIn total, 769 objects were collected.\n\n# Possible Memory Leaks\nFound 323 relevant leaks. Here is the top 10:\n - 320 instances of enum.property\n - 1 instance of enum._auto_null\n - 1 instance of dis._Unknown\n - 1 instance of examples.example.Example
__main__.Example.parseASTs
__main__.Example.dumpASTs
__main__.Example.simulateBlockingIO
examples.example..simulateIO
examples.example..countModules
examples.example..<listcomp>
examples.example..countItems
examples.example..<module>
examples.example..main
__main__.Example.run
/Users/laffra/dev/micrologai/microlog/examples/example.py
# 2 Statuses
0.001 129
0.106 128
0.212 127
0.32 126
0.422 125
0.53 122
0.632 122
0.738 124
0.846 123
0.953 122
1.059 121
1.163 120
1.271 120
1.377 119
1.482 119
1.587 119
1.694 118
1.799 117
1.906 116
2.012 116
2.113 115
2.222 114
2.329 113
2.434 112
2.542 110
2.647 110
2.756 111
2.862 110
2.968 109
3.075 108
3.177 107
3.279 106
3.382 106
3.488 106
3.596 106
3.699 105
3.805 104
3.914 103
4.02 102
4.126 101
4.233 100
4.338 99
4.442 99
4.547 99
4.651 99
4.757 99
4.864 98
4.968 97
5.075 96
5.178 95
5.281 94
5.387 93
5.489 93
5.593 92
5.697 92
5.803 92
5.906 91
6.011 90
6.114 89
6.22 88
6.329 87
6.433 86
6.539 86
6.645 85
6.753 85
6.857 84
6.96 83
7.066 82
7.172 81
7.277 80
7.383 79
7.487 78
7.593 77
7.699 76
7.806 76
7.911 75
8.013 74
8.12 73
8.226 72
8.328 71
8.437 67
8.54 67
8.644 70
8.752 69
8.859 68
8.968 68
9.074 67
9.178 67
9.282 66
9.388 65
9.494 64
9.603 63
9.706 63
9.807 63
9.914 62
10.02 61
10.127 60
10.232 59
10.34 58
10.445 57
10.549 56
10.657 57
10.759 56
10.868 55
10.974 54
11.077 53
11.181 52
11.287 51
11.392 49
11.493 50
11.594 49
11.696 48
11.804 48
11.909 47
12.017 47
12.124 46
12.227 45
12.334 44
12.437 43
12.542 42
12.646 42
12.798 41
12.798 41
# 7 CallSites
14 38 19 40
13 38 27 39
12 26 241 37
11 35 940 36
10 31 548 34
9 31 609 33
8 31 616 32
7 26 982 30
6 26 690 29
5 26 1149 28
4 26 1178 27
3 0 58 2
2 0 61 2
1 0 63 2
0 0 65 3
# 9 Stacks
14 4 5 6 7 8 9 10 4 5 6 11 12 13 14
13 4 5 6 7 8 9 10 4 5 6 11 12 13 14
12 0 3
11 0 2
10 0 2
9 0 2
8 0 2
7 0 2
6 0 2
5 0 2
4 0 2
3 0 2
2 0 2
1 0 1
0 
# 8 Markers
3 0.001 25 14 0.1
5 0.002 24 13 0.1
3 0.004 23 12 0.1
3 0.004 22 11 0.1
3 2.224 21 10 0.1
3 2.922 20 9 0.1
3 5.114 19 8 0.1
3 7.263 18 7 0.1
3 7.931 17 6 0.1
3 8.61 16 5 0.1
3 9.253 15 4 0.1
3 9.899 14 3 0.1
3 12.049 13 2 0.1
3 12.694 12 1 0.1
6 12.825 11 0 0.1
# 7 CallSites
11 0 51 1
10 0 46 10
9 0 42 9
8 0 39 8
7 0 14 7
6 0 49 1
5 0 23 6
4 0 23 5
3 0 18 4
2 0 65 3
1 0 62 2
0 0 50 1
# 1 Calls
0.054 0 5 6 3 0.158
0.054 0 4 5 4 0.158
0.054 0 3 4 5 0.158
0.738 0 10 11 3 1.539
0.738 0 9 10 4 1.539
0.738 0 8 9 5 1.539
0.738 0 7 8 6 1.484
2.277 0 5 6 3 0.104
2.277 0 4 5 4 0.104
2.277 0 3 4 5 0.104
2.968 0 5 6 3 0.107
2.968 0 4 5 4 0.107
2.968 0 3 4 5 0.107
3.647 0 10 11 3 1.48
3.647 0 9 10 4 1.48
3.647 0 8 9 5 1.48
3.647 0 7 8 6 1.429
5.127 0 5 6 3 0.103
5.127 0 4 5 4 0.103
5.127 0 3 4 5 0.103
5.803 0 10 11 3 1.474
5.803 0 9 10 4 1.474
5.803 0 8 9 5 1.474
5.803 0 7 8 6 1.42
7.277 0 5 6 3 0.106
7.277 0 4 5 4 0.106
7.277 0 3 4 5 0.106
7.962 0 5 6 3 0.106
7.962 0 4 5 4 0.106
7.962 0 3 4 5 0.106
8.644 0 5 6 3 0.053
8.644 0 4 5 4 0.053
8.644 0 3 4 5 0.053
9.282 0 5 6 3 0.106
9.282 0 4 5 4 0.106
9.282 0 3 4 5 0.106
9.914 0 5 6 3 0.106
9.914 0 4 5 4 0.106
9.914 0 3 4 5 0.106
10.549 0 10 11 3 1.521
10.549 0 9 10 4 1.521
10.549 0 8 9 5 1.521
10.549 0 7 8 6 1.468
12.07 0 5 6 3 0.106
12.07 0 4 5 4 0.106
12.07 0 3 4 5 0.106
0.054 0 2 0 0 12.593
0.054 0 1 2 1 12.593
0.054 0 0 1 2 12.593