# 10 127 Symbols
77 0 18436096 34359738368 5746528256 184
99 0 18874368 34359738368 5746528256 184
89 4 18874368 34359738368 5746528256 184
0 0 18874368 34359738368 5746528256 184
0 0 18878464 34359738368 5524398080 184
0 0 18878464 34359738368 5523873792 184
1 0 18886656 34359738368 5523873792 184
0 0 18886656 34359738368 5523873792 184
0 4 18894848 34359738368 5523873792 184
0 0 18894848 34359738368 5523873792 184
0 0 18894848 34359738368 5443670016 184
0 0 18898944 34359738368 5443706880 184
0 0 18903040 34359738368 5443706880 184
0 0 18907136 34359738368 5443706880 184
47 4 18915328 34359738368 5443706880 184
99 0 18919424 34359738368 5443706880 184
46 0 18923520 34359738368 4046159872 184
0 0 18923520 34359738368 3995426816 184
65 0 18939904 34359738368 3995426816 184
98 0 18939904 34359738368 3995426816 184
32 5 18948096 34359738368 3995426816 184
0 4 18948096 34359738368 3995426816 184
0 0 18948096 34359738368 3995426816 184
0 0 18956288 34359738368 2712887296 184
0 0 18960384 34359738368 2712887296 184
1 4 18964480 34359738368 2712887296 184
0 4 18968576 34359738368 2712887296 184
0 0 18968576 34359738368 2712887296 184
1 0 18968576 34359738368 1303105536 184
0 0 18972672 34359738368 1226231808 184
0 0 18976768 34359738368 1226231808 184
0 0 18980864 34359738368 1226231808 184
0 4 18984960 34359738368 1226231808 184
0 0 18984960 34359738368 1226231808 184
0 0 18989056 34359738368 1226231808 184
0 0 18989056 34359738368 13238272 184
1 0 18989056 34359738368 5373952 184
0 0 18989056 34359738368 5373952 184
0 3 18993152 34359738368 5373952 184
0 0 18993152 34359738368 5373952 184
0 0 18993152 34359738368 30253056 184
48 0 18993152 34359738368 29278208 184
99 0 18997248 34359738368 29278208 184
18 0 18997248 34359738368 29278208 184
0 0 18997248 34359738368 29278208 184
0 3 18997248 34359738368 29278208 184
93 0 19001344 34359738368 29278208 184
47 0 19001344 34359738368 29278208 184
0 0 19001344 34359738368 4227072 184
59 0 19001344 34359738368 4227072 184
99 0 19005440 34359738368 4227072 184
2 3 19005440 34359738368 4227072 184
0 2 19005440 34359738368 4227072 184
0 0 19009536 34359738368 4227072 184
0 0 19009536 34359738368 4010123264 184
10 0 19021824 34359738368 4229349376 184
100 0 19021824 34359738368 4229349376 184
46 0 19021824 34359738368 4229349376 184
0 0 19021824 34359738368 4229349376 184
0 2 19025920 34359738368 4229349376 184
0 0 19030016 34359738368 7139061760 184
0 0 19034112 34359738368 7138304000 184
0 1 19034112 34359738368 7138304000 184
0 1 19038208 34359738368 7138304000 184
0 0 19038208 34359738368 7138304000 184
0 0 19038208 34359738368 7115083776 184
0 0 19042304 34359738368 7123791872 184
7 0 19046400 34359738368 7123791872 184
100 0 19050496 34359738368 7123791872 184
17 0 19050496 34359738368 7123791872 184
0 1 19054592 34359738368 7123791872 184
0 0 19054592 34359738368 7123791872 184
99 0 19062784 34359738368 7123791872 184
29 0 19066880 34359738368 6793740288 184
0 0 19066880 34359738368 6737694720 184
0 0 19075072 34359738368 6737694720 184
0 2 19075072 34359738368 6737694720 184
0 1 19075072 34359738368 6737694720 184
0 0 19075072 34359738368 5372518400 184
0 0 19075072 34359738368 5121003520 184
0 0 19075072 34359738368 5067042816 184
0 0 19079168 34359738368 5067042816 184
0 2 19087360 34359738368 5067042816 184
0 0 19087360 34359738368 5067042816 184
31 0 19095552 34359738368 3803901952 184
100 0 19103744 34359738368 3803901952 184
0 0 19103744 34359738368 3803901952 184
0 0 19107840 34359738368 3803901952 184
1 0 19124224 34359738368 3803901952 184
## Command line\n/Library/Frameworks/Python.framework/Versions/3.10/bin/python3 examples/example.py\n## Environment\n - TERM_PROGRAM: vscode\n - TERM: xterm-256color\n - SHELL: /bin/zsh\n - TMPDIR: /var/folders/mv/__z7_p816qg_qwf3js5gb5w00000gn/T/\n - TERM_PROGRAM_VERSION: 1.80.1\n - ZDOTDIR: /Users/laffra\n - ORIGINAL_XDG_CURRENT_DESKTOP: undefined\n - MallocNanoZone: 0\n - USER: laffra\n - COMMAND_MODE: unix2003\n - SSH_AUTH_SOCK: /private/tmp/com.apple.launchd.qVSzDUlJcZ/Listeners\n - __CF_USER_TEXT_ENCODING: 0x1F5:0x0:0x0\n - PATH: /Library/Frameworks/Python.framework/Versions/3.10/bin:/Library/Frameworks/Python.framework/Versions/3.11/bin:/usr/local/bin:/System/Cryptexes/App/usr/bin:/usr/bin:/bin:/usr/sbin:/sbin:/var/run/com.apple.security.cryptexd/codex.system/bootstrap/usr/local/bin:/var/run/com.apple.security.cryptexd/codex.system/bootstrap/usr/bin:/var/run/com.apple.security.cryptexd/codex.system/bootstrap/usr/appleinternal/bin:/Library/Frameworks/Python.framework/Versions/3.10/bin:/Library/Frameworks/Python.framework/Versions/3.11/bin:/Users/laffra/.cargo/bin\n - USER_ZDOTDIR: /Users/laffra\n - __CFBundleIdentifier: com.microsoft.VSCode\n - PWD: /Users/laffra/dev/micrologai/microlog\n - LANG: en_US.UTF-8\n - VSCODE_GIT_ASKPASS_EXTRA_ARGS: --ms-enable-electron-run-as-node\n - XPC_FLAGS: 0x0\n - XPC_SERVICE_NAME: 0\n - VSCODE_INJECTION: 1\n - SHLVL: 2\n - HOME: /Users/laffra\n - VSCODE_GIT_ASKPASS_MAIN: /Applications/Visual Studio Code.app/Contents/Resources/app/extensions/git/dist/askpass-main.js\n - LOGNAME: laffra\n - VSCODE_GIT_IPC_HANDLE: /var/folders/mv/__z7_p816qg_qwf3js5gb5w00000gn/T/vscode-git-5ea1f84a0f.sock\n - VSCODE_GIT_ASKPASS_NODE: /Applications/Visual Studio Code.app/Contents/Frameworks/Code Helper (Plugin).app/Contents/MacOS/Code Helper (Plugin)\n - GIT_ASKPASS: /Applications/Visual Studio Code.app/Contents/Resources/app/extensions/git/dist/askpass.sh\n - COLORTERM: truecolor\n - _: /Library/Frameworks/Python.framework/Versions/3.10/bin/python3
EXAMPLE: start
run 1 of 10
run 2 of 10
run 3 of 10
run 4 of 10
run 5 of 10
run 6 of 10
run 7 of 10
run 8 of 10
run 9 of 10
run 10 of 10
EXAMPLE: done
\n# GC Statistics\nGC ran 2 times for 0.000s (0.0% of 14.248s), averaging 0.000s per collection.\nIn total, 263 objects were collected.\n\n# Possible Memory Leaks\nFound 1 relevant leak. Here is the top 10:\n - 1 instance of examples.example.Example\n    - see global variable 'example' in module <a style='color:red' href=vscode://file//Users/laffra/dev/micrologai/microlog/examples/example.py:1:1>examples.example</a>
site..<module>
site..main
site..execsitecustomize
/Library/Frameworks/Python.framework/Versions/3.10/lib/python3.10/site.py
importlib._bootstrap.._find_and_load
importlib._bootstrap.._find_and_load_unlocked
importlib._bootstrap.._load_unlocked
_frozen_importlib_external.SourceFileLoader.exec_module
/Library/Frameworks/Python.framework/Versions/3.10/lib/python3.10/importlib/_bootstrap_external.py
importlib._bootstrap.._call_with_frames_removed
/Library/Frameworks/Python.framework/Versions/3.10/lib/python3.10/importlib/_bootstrap.py
sitecustomize..<module>
/Users/laffra/Library/Python/3.10/lib/python/site-packages/sitecustomize.py
__main__.Example.parseASTs
__main__.Example.dumpASTs
__main__.Example.simulateBlockingIO
examples.example..simulateIO
examples.example..countModules
examples.example..<listcomp>
examples.example..countItems
__main__.Example.run
examples.example..<module>
examples.example..main
/Users/laffra/dev/micrologai/microlog/examples/example.py
# 2 Statuses
0.001 126
0.108 125
0.212 124
0.313 123
0.415 122
0.517 121
0.619 121
0.721 120
0.827 119
0.928 119
1.031 119
1.131 117
1.235 118
1.336 117
1.438 116
1.543 115
1.644 114
1.745 114
1.847 114
1.95 113
2.051 113
2.152 113
2.258 112
2.365 111
2.468 110
2.57 109
2.671 109
2.775 109
2.884 109
2.992 108
3.101 107
3.204 106
3.308 105
3.409 104
3.512 103
3.615 103
3.716 103
3.817 103
3.918 102
4.019 102
4.121 102
4.222 101
4.322 100
4.425 99
4.528 98
4.633 97
4.734 96
4.836 96
4.938 95
5.039 95
5.143 93
5.247 94
5.347 93
5.448 92
5.553 91
5.658 89
5.762 90
5.867 90
5.973 89
6.074 90
6.175 89
6.277 88
6.38 87
6.485 87
6.591 86
6.701 85
6.807 84
6.911 83
7.016 82
7.117 82
7.221 82
7.321 81
7.427 80
7.528 79
7.629 78
7.733 78
7.833 78
7.934 78
8.043 77
8.152 76
8.256 75
8.359 74
8.462 73
8.562 72
8.668 71
8.778 70
8.879 69
8.982 68
9.086 68
9.189 68
9.295 67
9.399 67
9.5 67
9.6 66
9.701 65
9.805 65
9.908 65
10.012 65
10.117 65
10.222 65
10.322 64
10.426 63
10.528 62
10.629 61
10.734 60
10.84 59
10.951 58
11.054 57
11.158 55
11.262 55
11.367 56
11.47 55
11.577 54
11.678 53
11.779 52
11.882 52
11.984 52
12.089 52
12.193 52
12.295 51
12.4 50
12.502 49
12.605 48
12.71 47
12.812 46
12.914 46
13.018 45
13.122 43
13.226 43
13.328 44
13.433 44
13.536 43
13.645 42
13.746 41
13.849 40
13.951 40
14.056 39
14.159 39
14.248 38
# 7 CallSites
12 11 11 12
11 20 549 21
10 20 610 22
9 20 617 23
8 13 241 14
7 15 883 16
6 13 688 17
5 13 1006 18
4 13 1027 19
3 0 58 1
2 0 61 1
1 0 63 1
0 0 65 2
# 9 Stacks
13 4 5 6 7 8 9 10 11 4 5 6 7 8 12
12 0 3
11 0 2
10 0 2
9 0 2
8 0 2
7 0 2
6 0 2
5 0 2
4 0 2
3 0 2
2 0 2
1 0 1
0 
# 8 Markers
5 0.002 37 13 0.1
3 0.004 36 12 0.1
3 0.004 35 11 0.1
3 2.208 34 10 0.1
3 2.916 33 9 0.1
3 6.648 32 8 0.1
3 7.327 31 7 0.1
3 7.978 30 6 0.1
3 8.658 29 5 0.1
3 10.833 28 4 0.1
3 11.47 27 3 0.1
3 13.611 26 2 0.1
3 14.247 25 1 0.1
6 14.278 24 0 0.1
# 7 CallSites
21 20 617 23
20 20 610 22
19 20 549 21
18 13 1027 19
17 13 1006 18
16 13 688 17
15 15 883 16
14 13 241 14
13 11 11 12
12 0 51 3
11 0 46 10
10 0 42 9
9 0 39 8
8 0 14 7
7 0 49 3
6 0 23 6
5 0 23 5
4 0 18 4
3 0 62 1
2 0 50 3
1 0 65 2
0 0 63 1
# 1 Calls
0.001 0 18 13 0 0.003
0.001 0 17 18 1 0.003
0.001 0 16 17 2 0.0
0.001 0 15 16 3 0.0
0.001 0 14 15 4 0.0
0.001 0 21 14 5 0.0
0.001 0 20 21 6 0.0
0.001 0 19 20 7 0.0
0.001 0 18 19 8 0.0
0.001 0 17 18 9 0.0
0.001 0 16 17 10 0.0
0.001 0 15 16 11 0.0
0.001 0 14 15 12 0.0
0.001 0 13 14 13 0.0
0.108 0 6 7 3 0.0
0.108 0 5 6 4 0.0
0.108 0 4 5 5 0.0
0.108 0 12 3 2 2.044
0.721 0 11 12 3 1.431
0.721 0 10 11 4 1.431
0.721 0 9 10 5 1.431
0.721 0 8 9 6 1.431
2.258 0 6 7 3 0.107
2.258 0 5 6 4 0.107
2.258 0 4 5 5 0.107
2.258 0 2 3 2 0.625
2.992 0 6 7 3 0.109
2.992 0 5 6 4 0.109
2.992 0 4 5 5 0.109
2.992 0 12 3 2 3.599
3.716 0 11 12 3 2.875
3.716 0 10 11 4 2.875
3.716 0 9 10 5 2.875
3.716 0 8 9 6 2.875
6.701 0 6 7 3 0.106
6.701 0 5 6 4 0.106
6.701 0 4 5 5 0.106
6.701 0 2 3 2 0.62
7.427 0 6 7 3 0.0
7.427 0 5 6 4 0.0
7.427 0 4 5 5 0.0
7.427 0 2 3 2 0.507
8.043 0 6 7 3 0.109
8.043 0 5 6 4 0.109
8.043 0 4 5 5 0.109
8.043 0 2 3 2 0.519
8.668 0 6 7 3 0.11
8.668 0 5 6 4 0.11
8.668 0 4 5 5 0.11
8.668 0 12 3 2 2.066
9.399 0 11 12 3 1.335
9.399 0 10 11 4 1.335
9.399 0 9 10 5 1.335
9.399 0 8 9 6 1.335
10.84 0 6 7 3 0.111
10.84 0 5 6 4 0.111
10.84 0 4 5 5 0.111
10.84 0 2 3 2 0.63
11.577 0 6 7 3 0.0
11.577 0 5 6 4 0.0
11.577 0 4 5 5 0.0
11.577 0 12 3 2 1.958
12.193 0 11 12 3 1.343
12.193 0 10 11 4 1.343
12.193 0 9 10 5 1.343
12.193 0 8 9 6 1.343
13.645 0 6 7 3 0.0
13.645 0 5 6 4 0.0
13.645 0 4 5 5 0.0
13.645 0 2 3 2 0.514
0.004 0 1 0 0 14.243
0.004 0 0 1 1 14.243