# 10 213 Symbols
68 0 18767872 34359738368 5746528256 184
13 0 19472384 34359738368 5746528256 186
0 4 19472384 34359738368 5746528256 186
0 5 19476480 34359738368 5746528256 186
0 0 19476480 34359738368 5528809472 186
0 0 19480576 34359738368 5523873792 186
0 0 19488768 34359738368 5523873792 186
0 4 19488768 34359738368 5523873792 186
0 0 19492864 34359738368 5523873792 186
0 0 19492864 34359738368 5443653632 186
0 0 19496960 34359738368 5443706880 186
30 0 80490496 34359738368 5443706880 186
99 0 272449536 34359738368 5443706880 186
100 0 467787776 34359738368 5443706880 186
99 0 691847168 34359738368 5443706880 186
99 0 879259648 34359738368 5443706880 186
99 4 1070743552 34359738368 5443706880 186
99 0 1233985536 34359738368 5443706880 186
98 0 1408098304 34359738368 3995426816 186
99 0 1582342144 34359738368 3995426816 186
100 0 1756581888 34359738368 3995426816 186
0 0 1756581888 34359738368 3995426816 186
11 0 1773662208 34359738368 3995426816 186
94 0 1930858496 34359738368 3995426816 186
99 0 2111504384 34359738368 3995426816 186
99 5 2294116352 34359738368 3995426816 186
98 4 2470027264 34359738368 3995426816 186
98 0 2639663104 34359738368 2731454464 186
98 0 2816004096 34359738368 2712887296 186
100 0 3012448256 34359738368 2712887296 186
99 0 3183136768 34359738368 2712887296 186
100 0 3377643520 34359738368 2712887296 186
65 0 3494375424 34359738368 2712887296 186
0 0 3494375424 34359738368 2712887296 186
46 4 3566714880 34359738368 2712887296 186
99 0 3736707072 34359738368 2712887296 186
99 0 3902181376 34359738368 2712887296 186
99 0 4083953664 34359738368 1283600384 186
99 0 4255203328 34359738368 1226231808 186
100 0 4447535104 34359738368 1226231808 186
100 0 4634415104 34359738368 1226231808 186
100 0 4824965120 34359738368 1226231808 186
100 0 5013843968 34359738368 1226231808 186
100 0 5197107200 34359738368 1226231808 186
21 4 5231468544 34359738368 1226231808 186
0 0 5231468544 34359738368 1226231808 186
82 0 5380546560 34359738368 50212864 186
98 0 5565091840 34359738368 5373952 186
99 0 5752508416 34359738368 5373952 186
99 0 5934821376 34359738368 5373952 186
99 0 6112751616 34359738368 5373952 186
99 0 6282899456 34359738368 5373952 186
97 0 6430183424 34359738368 5373952 186
97 3 6596440064 34359738368 5373952 186
99 0 6777683968 34359738368 5373952 186
99 0 6952972288 34359738368 5373952 186
10 0 6969180160 34359738368 30240768 186
0 0 6969180160 34359738368 29278208 186
88 0 7128616960 34359738368 29278208 186
98 0 7306657792 34359738368 29278208 186
99 0 7492734976 34359738368 29278208 186
98 0 7686619136 34359738368 29278208 186
59 0 7792877568 34359738368 29278208 186
97 3 7981248512 34359738368 29278208 186
96 0 8189755392 34359738368 29278208 186
98 0 8413138944 34359738368 10092544 186
98 0 8632565760 34359738368 4227072 186
100 2 1512685568 34359738368 7138304000 186
0 1 1512689664 34359738368 7138304000 186
0 2 1512689664 34359738368 7138304000 186
0 0 1512689664 34359738368 7138304000 186
0 0 1512689664 34359738368 7122403328 186
0 0 1512689664 34359738368 7123791872 186
21 0 1392988160 34359738368 7123791872 186
0 1 1392988160 34359738368 7123791872 186
19 0 1421922304 34359738368 7123791872 186
100 0 1609244672 34359738368 7123791872 186
100 0 1831993344 34359738368 6815760384 186
100 0 2012270592 34359738368 6737694720 186
100 0 2233651200 34359738368 6737694720 186
7 0 2244763648 34359738368 6737694720 186
0 0 2244763648 34359738368 6737694720 186
96 0 2480775168 34359738368 6737694720 186
88 2 2630725632 34359738368 6737694720 186
100 2 2877603840 34359738368 6737694720 186
100 0 3131609088 34359738368 6737694720 186
100 0 3379609600 34359738368 5286572032 186
100 0 3609985024 34359738368 5067042816 186
100 0 3862970368 34359738368 5067042816 186
15 0 3897118720 34359738368 5067042816 186
0 0 3897118720 34359738368 5067042816 186
85 0 4080807936 34359738368 5067042816 186
62 0 4182736896 34359738368 5067042816 186
88 2 4349616128 34359738368 5067042816 186
99 0 4582797312 34359738368 5067042816 186
100 0 4812926976 34359738368 3847385088 186
100 0 5059469312 34359738368 3803901952 186
100 0 5311418368 34359738368 3803901952 186
97 0 5538639872 34359738368 3803901952 186
0 0 5538639872 34359738368 3803901952 186
12 0 5565661184 34359738368 3803901952 186
100 0 5759770624 34359738368 3803901952 186
100 2 5971091456 34359738368 3803901952 186
100 2 6212677632 34359738368 3803901952 186
100 1 6453190656 34359738368 3803901952 186
100 0 6697353216 34359738368 1975488512 186
100 0 6927904768 34359738368 1952968704 186
100 0 7171895296 34359738368 1952968704 186
41 0 7268892672 34359738368 1952968704 186
0 0 7268892672 34359738368 1952968704 186
66 0 7428247552 34359738368 1952968704 186
100 0 7675260928 34359738368 1952968704 186
100 2 7900270592 34359738368 1952968704 186
100 0 8133210112 34359738368 1952968704 186
100 0 8380579840 34359738368 307486720 186
100 0 8604803072 34359738368 155537408 186
95 0 8813797376 34359738368 155537408 186
100 2 1866059776 34359738368 7116251136 186
0 0 1866059776 34359738368 7116251136 186
0 1 1866059776 34359738368 7116251136 186
0 2 1866059776 34359738368 7116251136 186
0 0 1866059776 34359738368 7115722752 186
0 0 1866059776 34359738368 7113486336 186
0 0 1866059776 34359738368 7113232384 186
27 0 1624694784 34359738368 7113232384 186
0 0 1624694784 34359738368 7113232384 186
25 2 1665576960 34359738368 7113232384 186
100 3 1829437440 34359738368 7113232384 186
100 0 1983680512 34359738368 7113232384 186
100 0 2149613568 34359738368 6834724864 186
100 0 2340528128 34359738368 6731730944 186
1 0 2342797312 34359738368 6731730944 186
9 0 2365145088 34359738368 6731730944 186
100 0 2599419904 34359738368 6731730944 186
100 0 2846396416 34359738368 6731730944 186
100 0 3101249536 34359738368 6731730944 186
100 2 3345260544 34359738368 6731730944 186
100 1 3594739712 34359738368 6731730944 186
100 6 3834236928 34359738368 5151498240 186
78 0 4008910848 34359738368 4954046464 186
0 0 4008910848 34359738368 4976238592 186
29 0 4082065408 34359738368 4976238592 186
100 0 4332552192 34359738368 4976238592 186
100 0 4580696064 34359738368 4976238592 186
100 0 4822732800 34359738368 4976238592 186
100 1 5078126592 34359738368 4976238592 186
100 1 5328359424 34359738368 4976238592 186
100 0 5573091328 34359738368 4976238592 186
74 0 5744553984 34359738368 3253792768 186
0 0 5744553984 34359738368 3253792768 186
36 0 5832921088 34359738368 3253792768 186
100 0 6084001792 34359738368 3253792768 186
100 0 6339592192 34359738368 3253792768 186
100 0 6591983616 34359738368 3253792768 186
100 0 6840709120 34359738368 3253792768 186
100 1 7086927872 34359738368 3253792768 186
100 2 7324422144 34359738368 3253792768 186
72 2 7479746560 34359738368 3253792768 186
0 0 7479746560 34359738368 1503354880 186
34 0 7564853248 34359738368 1519939584 186
100 0 7814762496 34359738368 1519939584 186
100 0 8057856000 34359738368 1519939584 186
100 0 8310431744 34359738368 1519939584 186
100 0 8559734784 34359738368 1519939584 186
100 1 8781332480 34359738368 1519939584 186
99 2 9026416640 34359738368 1519939584 186
100 2 2079166464 34359738368 6359154688 186
0 1 2079166464 34359738368 6359154688 186
0 0 2079166464 34359738368 6359154688 186
0 0 2079166464 34359738368 7129817088 186
0 0 2079166464 34359738368 7129870336 186
0 1 2079166464 34359738368 7129907200 186
0 0 2079166464 34359738368 7129907200 186
40 0 1828143104 34359738368 7379804160 186
## Command line\n/Library/Frameworks/Python.framework/Versions/3.10/bin/python3 examples/memory.py\n## Environment\n - TERM_PROGRAM: vscode\n - TERM: xterm-256color\n - SHELL: /bin/zsh\n - TMPDIR: /var/folders/mv/__z7_p816qg_qwf3js5gb5w00000gn/T/\n - TERM_PROGRAM_VERSION: 1.80.1\n - ZDOTDIR: /Users/laffra\n - ORIGINAL_XDG_CURRENT_DESKTOP: undefined\n - MallocNanoZone: 0\n - USER: laffra\n - COMMAND_MODE: unix2003\n - SSH_AUTH_SOCK: /private/tmp/com.apple.launchd.qVSzDUlJcZ/Listeners\n - __CF_USER_TEXT_ENCODING: 0x1F5:0x0:0x0\n - PATH: /Library/Frameworks/Python.framework/Versions/3.10/bin:/Library/Frameworks/Python.framework/Versions/3.11/bin:/usr/local/bin:/System/Cryptexes/App/usr/bin:/usr/bin:/bin:/usr/sbin:/sbin:/var/run/com.apple.security.cryptexd/codex.system/bootstrap/usr/local/bin:/var/run/com.apple.security.cryptexd/codex.system/bootstrap/usr/bin:/var/run/com.apple.security.cryptexd/codex.system/bootstrap/usr/appleinternal/bin:/Library/Frameworks/Python.framework/Versions/3.10/bin:/Library/Frameworks/Python.framework/Versions/3.11/bin:/Users/laffra/.cargo/bin\n - USER_ZDOTDIR: /Users/laffra\n - __CFBundleIdentifier: com.microsoft.VSCode\n - PWD: /Users/laffra/dev/micrologai/microlog\n - LANG: en_US.UTF-8\n - VSCODE_GIT_ASKPASS_EXTRA_ARGS: --ms-enable-electron-run-as-node\n - XPC_FLAGS: 0x0\n - XPC_SERVICE_NAME: 0\n - VSCODE_INJECTION: 1\n - SHLVL: 2\n - HOME: /Users/laffra\n - VSCODE_GIT_ASKPASS_MAIN: /Applications/Visual Studio Code.app/Contents/Resources/app/extensions/git/dist/askpass-main.js\n - LOGNAME: laffra\n - VSCODE_GIT_IPC_HANDLE: /var/folders/mv/__z7_p816qg_qwf3js5gb5w00000gn/T/vscode-git-5ea1f84a0f.sock\n - VSCODE_GIT_ASKPASS_NODE: /Applications/Visual Studio Code.app/Contents/Frameworks/Code Helper (Plugin).app/Contents/MacOS/Code Helper (Plugin)\n - GIT_ASKPASS: /Applications/Visual Studio Code.app/Contents/Resources/app/extensions/git/dist/askpass.sh\n - COLORTERM: truecolor\n - _: /Library/Frameworks/Python.framework/Versions/3.10/bin/python3
The process size warnings are added by microlog automatically.
# Python Heap Details\n\nThe top ten of 17,521 live objects:\n- function: 4,078\n- dict: 2,289\n- tuple: 2,007\n- wrapper_descriptor: 1,258\n- ReferenceType: 1,078\n- builtin_function_or_method: 933\n- method_descriptor: 906\n- getset_descriptor: 627\n- type: 626\n- cell: 610
WARNING: Python process memory grew to 1.1 GB
WARNING: Python process memory grew to 2.1 GB
WARNING: Python process memory grew to 3.1 GB
WARNING: Python process memory grew to 4.1 GB
WARNING: Python process memory grew to 5.0 GB
WARNING: Python process memory grew to 6.1 GB
WARNING: Python process memory grew to 7.2 GB
WARNING: Python process memory grew to 8.0 GB
# Python Heap Details\n\nThe top ten of 17,526 live objects:\n- function: 4,085\n- dict: 2,270\n- tuple: 1,881\n- wrapper_descriptor: 1,258\n- ReferenceType: 1,090\n- builtin_function_or_method: 947\n- method_descriptor: 906\n- getset_descriptor: 627\n- type: 626\n- cell: 610
# Python Heap Details\n\nThe top ten of 17,650 live objects:\n- function: 4,085\n- dict: 2,287\n- tuple: 1,881\n- wrapper_descriptor: 1,258\n- ReferenceType: 1,090\n- builtin_function_or_method: 947\n- method_descriptor: 906\n- getset_descriptor: 627\n- type: 626\n- cell: 610
# Python Heap Details\n\nThe top ten of 17,772 live objects:\n- function: 4,085\n- dict: 2,304\n- tuple: 1,881\n- wrapper_descriptor: 1,258\n- ReferenceType: 1,090\n- builtin_function_or_method: 947\n- method_descriptor: 906\n- getset_descriptor: 627\n- type: 626\n- cell: 610
# Python Heap Details\n\nThe top ten of 17,784 live objects:\n- function: 4,085\n- dict: 2,307\n- tuple: 1,881\n- wrapper_descriptor: 1,258\n- ReferenceType: 1,090\n- builtin_function_or_method: 947\n- method_descriptor: 906\n- getset_descriptor: 627\n- type: 626\n- cell: 610
\n# GC Statistics\nGC ran 434 times for 0.045s (0.2% of 27.053s), averaging 0.000s per collection.\nIn total, 699 objects were collected.\n\n
site..<module>
site..main
site..execsitecustomize
/Library/Frameworks/Python.framework/Versions/3.10/lib/python3.10/site.py
importlib._bootstrap.._find_and_load
importlib._bootstrap.._find_and_load_unlocked
importlib._bootstrap.._load_unlocked
_frozen_importlib_external.SourceFileLoader.exec_module
/Library/Frameworks/Python.framework/Versions/3.10/lib/python3.10/importlib/_bootstrap_external.py
importlib._bootstrap.._call_with_frames_removed
/Library/Frameworks/Python.framework/Versions/3.10/lib/python3.10/importlib/_bootstrap.py
sitecustomize..<module>
/Users/laffra/Library/Python/3.10/lib/python/site-packages/sitecustomize.py
__main__.MemoryLeak.__init__
examples.memory..takeShortPauze
examples.memory..allocateLotsOfMemory
examples.memory..allocate1GB
examples.memory..<listcomp>
examples.memory..takeLongPause
examples.memory..<module>
examples.memory..main
examples.memory..showMemoryInfo
/Users/laffra/dev/micrologai/microlog/examples/memory.py
# 2 Statuses
0.001 212
0.103 211
0.203 210
0.304 209
0.405 208
0.51 207
0.611 207
0.713 207
0.816 207
0.918 207
1.023 207
1.124 206
1.229 205
1.332 204
1.437 203
1.54 202
1.641 202
1.752 201
1.858 200
1.964 199
2.075 198
2.18 197
2.291 196
2.397 195
2.503 194
2.612 193
2.715 192
2.818 191
2.929 190
3.036 189
3.143 188
3.252 187
3.36 186
3.47 185
3.577 184
3.687 183
3.795 182
3.907 181
4.01 180
4.115 179
4.225 178
4.336 177
4.441 176
4.55 175
4.657 174
4.769 173
4.876 172
4.983 171
5.09 170
5.197 169
5.297 168
5.401 167
5.508 166
5.616 165
5.723 164
5.834 163
5.943 162
6.052 161
6.158 160
6.268 159
6.375 158
6.481 157
6.581 156
6.683 155
6.789 154
6.895 153
7.005 152
7.115 151
7.222 150
7.329 149
7.436 148
7.543 147
7.651 146
9.695 145
9.796 142
9.899 142
10.003 142
10.103 142
10.208 142
10.31 144
10.413 143
10.514 142
10.614 141
10.716 140
10.82 140
10.925 140
11.03 140
11.132 140
11.237 139
11.338 138
11.445 137
11.555 136
11.666 135
11.775 134
11.886 133
11.991 132
12.095 131
12.207 130
12.318 129
12.426 128
12.536 127
12.646 126
12.755 125
12.866 124
12.97 123
13.075 122
13.191 121
13.305 120
13.413 119
13.519 118
13.627 117
13.736 116
13.847 115
13.949 114
14.053 113
14.161 112
14.272 111
14.381 110
14.49 109
14.597 108
14.705 107
14.815 106
14.925 105
15.03 104
15.136 103
15.242 102
15.352 101
15.459 100
15.57 99
15.68 98
15.787 97
15.894 96
17.826 95
17.931 94
18.036 94
18.136 94
18.241 94
18.344 94
18.447 94
18.549 93
18.654 92
18.756 92
18.86 91
18.964 90
19.064 89
19.169 89
19.273 89
19.373 88
19.477 87
19.587 86
19.695 85
19.803 84
19.912 83
20.023 82
20.125 81
20.235 80
20.343 79
20.453 78
20.562 77
20.669 76
20.779 75
20.886 74
20.986 73
21.088 72
21.198 71
21.309 70
21.416 69
21.523 68
21.634 67
21.745 66
21.854 65
21.957 64
22.06 63
22.17 62
22.28 61
22.392 60
22.503 59
22.613 58
22.722 57
22.83 56
22.93 55
23.032 54
23.14 53
23.251 52
23.359 51
23.47 50
23.58 49
23.688 48
23.797 47
25.511 46
25.614 44
25.716 45
25.818 45
25.923 44
26.026 43
26.13 42
26.233 40
26.337 40
26.442 40
26.544 40
26.648 40
26.751 41
26.852 40
26.953 40
27.053 39
# 7 CallSites
14 10 11 11
13 19 549 20
12 19 610 21
11 19 617 22
10 12 241 13
9 14 883 15
8 12 688 16
7 12 1006 17
6 12 1027 18
5 0 44 2
4 0 46 2
3 0 53 2
2 0 18 1
1 0 56 2
0 0 59 3
# 9 Stacks
15 6 7 8 9 10 11 12 13 6 7 8 9 10 14
14 0 5
13 0 4 2
12 
11 
10 
9 
8 
7 
6 
5 
4 0 3 2
3 0 3 2
2 0 3 2
1 0 1 2
0 
# 8 Markers
5 0.002 38 15 0.1
3 0.004 37 14 0.1
3 0.014 36 13 0.1
4 2.397 35 12 0.1
4 3.252 34 11 0.1
4 3.907 33 10 0.1
4 4.769 32 9 0.1
4 5.508 31 8 0.1
4 6.268 30 7 0.1
4 7.115 29 6 0.1
4 7.651 28 5 0.1
3 11.219 27 4 0.1
3 19.356 26 3 0.1
3 27.028 25 2 0.1
3 27.053 24 1 0.1
5 27.09 23 0 0.1
# 7 CallSites
25 19 617 22
24 19 610 21
23 19 549 20
22 12 1027 18
21 12 1006 17
20 12 688 16
19 14 883 15
18 12 241 13
17 10 11 11
16 0 46 2
15 0 47 2
14 0 23 9
13 0 22 9
12 0 53 2
11 0 27 6
10 0 32 8
9 0 50 2
8 0 40 7
7 0 40 5
6 0 28 6
5 0 28 5
4 0 51 2
3 0 36 4
2 0 59 3
1 0 56 2
0 0 18 1
# 1 Calls
0.001 0 22 17 0 0.013
0.001 0 21 22 1 0.013
0.001 0 20 21 2 0.013
0.001 0 19 20 3 0.0
0.001 0 18 19 4 0.0
0.001 0 25 18 5 0.0
0.001 0 24 25 6 0.0
0.001 0 23 24 7 0.0
0.001 0 22 23 8 0.0
0.001 0 21 22 9 0.0
0.001 0 20 21 10 0.0
0.001 0 19 20 11 0.0
0.001 0 18 19 12 0.0
0.001 0 17 18 13 0.0
0.014 0 0 16 2 0.088
0.102 0 3 15 2 1.437
1.539 0 10 11 5 0.212
1.751 0 5 6 5 0.964
2.715 0 10 11 5 0.214
2.929 0 5 6 5 1.081
4.01 0 10 11 5 0.215
4.768 0 14 5 6 0.0
4.225 0 5 6 5 1.072
5.297 0 10 11 5 0.211
6.268 0 14 5 6 0.0
5.508 0 5 6 5 1.073
6.481 0 13 5 6 0.0
6.581 0 10 11 5 0.208
1.539 0 8 9 2 8.156
1.539 0 7 8 3 6.111
1.539 0 6 7 4 6.111
6.789 0 5 6 5 0.861
9.695 0 3 4 2 1.525
11.22 0 0 12 2 0.017
11.237 0 10 11 5 0.208
11.445 0 5 6 5 0.546
11.991 0 10 11 5 0.215
12.206 0 5 6 5 0.763
12.969 0 10 11 5 0.221
13.19 0 5 6 5 0.759
13.949 0 10 11 5 0.212
14.161 0 5 6 5 0.869
15.03 0 10 11 5 0.212
11.237 0 8 9 2 6.589
11.237 0 7 8 3 4.657
11.237 0 6 7 4 4.657
15.242 0 5 6 5 0.652
17.826 0 3 4 2 1.531
19.357 0 0 12 2 0.016
19.373 0 10 11 5 0.214
19.586 0 5 6 5 0.539
20.125 0 10 11 5 0.11
20.235 0 5 6 5 0.751
20.986 0 10 11 5 0.212
21.197 0 5 6 5 0.759
21.956 0 10 11 5 0.213
22.169 0 5 6 5 0.761
22.93 0 10 11 5 0.21
19.373 0 8 9 2 6.138
19.373 0 7 8 3 4.424
19.373 0 6 7 4 4.424
23.14 0 5 6 5 0.656
25.511 0 3 4 2 1.517
0.014 0 2 0 0 27.039
0.014 0 1 2 1 27.039
27.029 0 0 1 2 0.024