# 10 212 Symbols
25 0 20537344 34359738368 8500105216 178
11 0 21213184 34359738368 8500105216 180
0 0 21213184 34359738368 8500105216 180
0 0 21221376 34359738368 8500105216 180
0 4 21229568 34359738368 8500105216 180
0 0 21229568 34359738368 8500105216 180
0 0 21237760 34359738368 8500105216 180
0 0 21237760 34359738368 8354877440 180
0 0 21245952 34359738368 8354877440 180
0 0 21250048 34359738368 8354877440 180
72 3 176050176 34359738368 8354877440 180
100 0 404004864 34359738368 8354877440 180
100 0 621465600 34359738368 8354877440 180
99 0 817283072 34359738368 7571791872 180
99 0 1021124608 34359738368 7571791872 180
98 0 1204031488 34359738368 7571791872 180
99 0 1399877632 34359738368 7571791872 180
100 0 1614979072 34359738368 7571791872 180
70 0 1757986816 34359738368 7571791872 180
0 3 1757986816 34359738368 7571791872 180
43 0 1837600768 34359738368 7571791872 180
98 0 2010976256 34359738368 7571791872 180
98 0 2199142400 34359738368 6158266368 180
99 0 2407059456 34359738368 6064570368 180
99 0 2627911680 34359738368 6064570368 180
100 0 2858778624 34359738368 6064570368 180
99 0 3059941376 34359738368 6064570368 180
72 0 3197992960 34359738368 6064570368 180
93 0 3344744448 34359738368 6064570368 180
79 4 3494576128 34359738368 6064570368 180
0 3 3494576128 34359738368 6064570368 180
31 0 3558588416 34359738368 6064570368 180
99 0 3764453376 34359738368 4759404544 180
100 0 4003241984 34359738368 4759404544 180
99 0 4232392704 34359738368 4759404544 180
100 0 4471590912 34359738368 4759404544 180
99 0 4708982784 34359738368 4759404544 180
100 0 4942823424 34359738368 4759404544 180
100 0 5184245760 34359738368 4759404544 180
20 3 5231493120 34359738368 4759404544 180
0 1 5231493120 34359738368 4759404544 180
89 0 5453729792 34359738368 4759404544 180
100 0 5680107520 34359738368 2857082880 180
100 0 5916610560 34359738368 2744360960 180
100 0 6158499840 34359738368 2744360960 180
100 0 6389284864 34359738368 2744360960 180
100 0 6627561472 34359738368 2744360960 180
100 0 6865539072 34359738368 2744360960 180
42 0 6968971264 34359738368 2744360960 180
0 2 6968975360 34359738368 2744360960 180
65 0 7123120128 34359738368 2744360960 180
100 0 7349526528 34359738368 2744360960 180
99 0 7568437248 34359738368 976416768 180
100 0 7790891008 34359738368 753033216 180
100 0 8023724032 34359738368 753033216 180
100 0 8265842688 34359738368 753033216 180
100 0 8510189568 34359738368 753033216 180
100 2 1393381376 34359738368 7225159680 180
0 2 1393381376 34359738368 7225159680 180
0 0 1393381376 34359738368 7225159680 180
0 0 1393381376 34359738368 7344517120 180
0 0 1393381376 34359738368 7343566848 180
0 1 1393381376 34359738368 7343566848 180
17 2 1273171968 34359738368 7343566848 180
0 0 1273171968 34359738368 7343566848 180
55 0 1337090048 34359738368 7399505920 180
100 0 1506320384 34359738368 7230173184 180
100 0 1688973312 34359738368 7147335680 180
100 0 1935675392 34359738368 7147335680 180
83 0 2148110336 34359738368 7147335680 180
0 0 2148110336 34359738368 7147335680 180
24 1 2205413376 34359738368 7147335680 180
100 2 2453704704 34359738368 7147335680 180
100 1 2679173120 34359738368 7147335680 180
100 0 2931699712 34359738368 5803593728 180
100 0 3177160704 34359738368 5558296576 180
100 0 3423686656 34359738368 5558296576 180
100 0 3672170496 34359738368 5558296576 180
49 0 3796480000 34359738368 5558296576 180
0 0 3796480000 34359738368 5558296576 180
61 1 3944091648 34359738368 5558296576 180
100 1 4181835776 34359738368 5558296576 180
100 1 4418359296 34359738368 5558296576 180
100 0 4647645184 34359738368 5558296576 180
99 0 4880457728 34359738368 3854692352 180
100 0 5112279040 34359738368 3624005632 180
100 0 5353558016 34359738368 3624005632 180
73 0 5531496448 34359738368 3624005632 180
0 0 5531496448 34359738368 3624005632 180
39 0 5628661760 34359738368 3624005632 180
99 2 5844094976 34359738368 3624005632 180
100 0 6085189632 34359738368 3624005632 180
99 0 6307897344 34359738368 3624005632 180
100 0 6546325504 34359738368 3624005632 180
100 0 6777901056 34359738368 1976029184 180
100 0 7021879296 34359738368 1976029184 180
100 0 7257296896 34359738368 1976029184 180
2 0 7261810688 34359738368 1976029184 180
8 0 7279988736 34359738368 1976029184 180
100 0 7524237312 34359738368 1976029184 180
100 1 7753625600 34359738368 1976029184 180
100 2 7994105856 34359738368 1976029184 180
100 2 8227962880 34359738368 1976029184 180
100 0 8465965056 34359738368 1976029184 180
100 0 8705134592 34359738368 49504256 180
93 0 8882511872 34359738368 26435584 180
100 2 1890033664 34359738368 7274106880 180
0 2 1890033664 34359738368 7273959424 180
0 0 1890033664 34359738368 7273959424 180
0 0 1890033664 34359738368 7260090368 180
0 0 1890033664 34359738368 7260102656 180
28 0 1636904960 34359738368 7260102656 180
1 1 1636909056 34359738368 7260102656 180
48 1 1709760512 34359738368 7260102656 180
100 1 1828360192 34359738368 7260102656 180
100 0 1982971904 34359738368 7260102656 180
100 0 2144677888 34359738368 7030910976 180
44 0 2243002368 34359738368 6932873216 180
1 0 2243002368 34359738368 6932873216 180
65 0 2352521216 34359738368 6820458496 180
100 0 2575695872 34359738368 6600351744 180
100 1 2803093504 34359738368 6600351744 180
100 1 3010895872 34359738368 6600351744 180
100 1 3209736192 34359738368 6600351744 180
100 1 3417333760 34359738368 6600351744 180
100 0 3629891584 34359738368 5546455040 180
97 0 3825676288 34359738368 5350912000 180
1 0 3825676288 34359738368 5350973440 180
17 0 3853205504 34359738368 5350973440 180
100 0 4048125952 34359738368 5350973440 180
100 0 4254457856 34359738368 5350973440 180
100 1 4465020928 34359738368 5350973440 180
100 0 4667088896 34359738368 5350973440 180
100 0 4869967872 34359738368 5350973440 180
100 0 5070360576 34359738368 5350973440 180
100 0 5281566720 34359738368 3892723712 180
100 0 5494075392 34359738368 3679866880 180
24 0 5541543936 34359738368 3632680960 180
1 0 5541543936 34359738368 3632697344 180
83 0 5697040384 34359738368 3632697344 180
100 1 5901545472 34359738368 3632697344 180
100 1 6111043584 34359738368 3632697344 180
100 0 6313607168 34359738368 3632697344 180
100 0 6519721984 34359738368 3632697344 180
100 0 6719913984 34359738368 3632697344 180
100 0 6919352320 34359738368 2254802944 180
100 0 7127519232 34359738368 2046824448 180
72 0 7277752320 34359738368 1896890368 180
1 0 7277752320 34359738368 1896919040 180
39 0 7345487872 34359738368 1896919040 180
100 1 7544717312 34359738368 1896919040 180
100 1 7743709184 34359738368 1896919040 180
100 1 7946219520 34359738368 1896919040 180
100 0 8150421504 34359738368 1896919040 180
100 0 8361369600 34359738368 1896919040 180
100 0 8567382016 34359738368 607006720 180
100 0 8768630784 34359738368 405909504 180
100 0 8976556032 34359738368 405909504 180
100 1 1995116544 34359738368 4957888512 180
1 0 1995116544 34359738368 7181103104 180
1 0 1995116544 34359738368 7181422592 180
1 0 1995116544 34359738368 7181438976 180
1 0 1995116544 34359738368 7180419072 180
0 0 1995116544 34359738368 7180505088 180
1 0 1995116544 34359738368 7180505088 180
26 0 1741582336 34359738368 7180505088 180
0 0 1741582336 34359738368 7180505088 180
sitecustomize..install_microlog_as_a_continuous_profiler
sitecustomize..<module>
/Users/laffra/dev/micrologai/microlog/.venv/lib/python3.11/site-packages/sitecustomize.py
importlib._bootstrap.._call_with_frames_removed
_frozen_importlib_external.SourceFileLoader.exec_module
/Library/Frameworks/Python.framework/Versions/3.11/lib/python3.11/importlib/_bootstrap_external.py
site..execsitecustomize
site..main
site..<module>
/Library/Frameworks/Python.framework/Versions/3.11/lib/python3.11/site.py
importlib._bootstrap..exec_module
importlib._bootstrap.._load_unlocked
importlib._bootstrap.._find_and_load_unlocked
importlib._bootstrap.._find_and_load
/Library/Frameworks/Python.framework/Versions/3.11/lib/python3.11/importlib/_bootstrap.py
Microlog: Using a signal timer with a sample delay of 0.05s
## Command line\n/Users/laffra/dev/micrologai/microlog/.venv/bin/python3 examples/memory.py\n## Environment\n - TERM_PROGRAM: vscode\n - TERM: xterm-256color\n - SHELL: /bin/zsh\n - TMPDIR: /var/folders/mv/__z7_p816qg_qwf3js5gb5w00000gn/T/\n - TERM_PROGRAM_VERSION: 1.80.1\n - ZDOTDIR: /Users/laffra\n - ORIGINAL_XDG_CURRENT_DESKTOP: undefined\n - MallocNanoZone: 0\n - USER: laffra\n - COMMAND_MODE: unix2003\n - SSH_AUTH_SOCK: /private/tmp/com.apple.launchd.qVSzDUlJcZ/Listeners\n - __CF_USER_TEXT_ENCODING: 0x1F5:0x0:0x0\n - VIRTUAL_ENV: /Users/laffra/dev/micrologai/microlog/.venv\n - PATH: /Users/laffra/dev/micrologai/microlog/.venv/bin:/Library/Frameworks/Python.framework/Versions/3.10/bin:/Library/Frameworks/Python.framework/Versions/3.11/bin:/usr/local/bin:/System/Cryptexes/App/usr/bin:/usr/bin:/bin:/usr/sbin:/sbin:/var/run/com.apple.security.cryptexd/codex.system/bootstrap/usr/local/bin:/var/run/com.apple.security.cryptexd/codex.system/bootstrap/usr/bin:/var/run/com.apple.security.cryptexd/codex.system/bootstrap/usr/appleinternal/bin:/Library/Frameworks/Python.framework/Versions/3.10/bin:/Library/Frameworks/Python.framework/Versions/3.11/bin:/Users/laffra/.cargo/bin\n - USER_ZDOTDIR: /Users/laffra\n - __CFBundleIdentifier: com.microsoft.VSCode\n - PWD: /Users/laffra/dev/micrologai/microlog\n - LANG: en_US.UTF-8\n - VSCODE_GIT_ASKPASS_EXTRA_ARGS: --ms-enable-electron-run-as-node\n - XPC_FLAGS: 0x0\n - XPC_SERVICE_NAME: 0\n - VSCODE_INJECTION: 1\n - SHLVL: 2\n - HOME: /Users/laffra\n - VSCODE_GIT_ASKPASS_MAIN: /Applications/Visual Studio Code.app/Contents/Resources/app/extensions/git/dist/askpass-main.js\n - LOGNAME: laffra\n - VSCODE_GIT_IPC_HANDLE: /var/folders/mv/__z7_p816qg_qwf3js5gb5w00000gn/T/vscode-git-5ea1f84a0f.sock\n - VSCODE_GIT_ASKPASS_NODE: /Applications/Visual Studio Code.app/Contents/Frameworks/Code Helper (Plugin).app/Contents/MacOS/Code Helper (Plugin)\n - GIT_ASKPASS: /Applications/Visual Studio Code.app/Contents/Resources/app/extensions/git/dist/askpass.sh\n - VIRTUAL_ENV_PROMPT: (.venv) \n - COLORTERM: truecolor\n - _: /Users/laffra/dev/micrologai/microlog/.venv/bin/python3
The process size warnings are added by microlog automatically.
# Python Heap Details\n\nThe top ten of 18,212 live objects:\n- function: 4,194\n- tuple: 2,128\n- dict: 2,055\n- wrapper_descriptor: 1,268\n- ReferenceType: 1,107\n- builtin_function_or_method: 944\n- method_descriptor: 920\n- getset_descriptor: 664\n- type: 639\n- cell: 635
WARNING: Python process memory grew to 1.1 GB
WARNING: Python process memory grew to 2.0 GB
WARNING: Python process memory grew to 3.1 GB
WARNING: Python process memory grew to 4.2 GB
WARNING: Python process memory grew to 5.1 GB
WARNING: Python process memory grew to 6.2 GB
WARNING: Python process memory grew to 7.0 GB
# Python Heap Details\n\nThe top ten of 18,101 live objects:\n- function: 4,201\n- dict: 1,983\n- tuple: 1,928\n- wrapper_descriptor: 1,268\n- ReferenceType: 1,114\n- builtin_function_or_method: 960\n- method_descriptor: 920\n- getset_descriptor: 662\n- type: 638\n- cell: 635
WARNING: Python process memory grew to 8.1 GB
# Python Heap Details\n\nThe top ten of 18,237 live objects:\n- function: 4,201\n- dict: 1,983\n- tuple: 1,928\n- wrapper_descriptor: 1,268\n- ReferenceType: 1,114\n- builtin_function_or_method: 960\n- method_descriptor: 920\n- getset_descriptor: 662\n- type: 638\n- cell: 635
# Python Heap Details\n\nThe top ten of 18,339 live objects:\n- function: 4,201\n- dict: 1,983\n- tuple: 1,928\n- wrapper_descriptor: 1,268\n- ReferenceType: 1,114\n- builtin_function_or_method: 960\n- method_descriptor: 920\n- getset_descriptor: 662\n- type: 638\n- cell: 635
# Python Heap Details\n\nThe top ten of 18,345 live objects:\n- function: 4,201\n- dict: 1,983\n- tuple: 1,928\n- wrapper_descriptor: 1,268\n- ReferenceType: 1,114\n- builtin_function_or_method: 960\n- method_descriptor: 920\n- getset_descriptor: 662\n- type: 638\n- cell: 635
\n# General Statistics\n- Performed 396 samples\n# GC Statistics\nGC ran 220 times for 0.069s (0.3% of 26.360s), averaging 0.000s per collection.\nIn total, 1,647 objects were collected.\n\n# Possible Memory Leaks\nFound 322 relevant leaks. Here is the top 10:\n - 320 instances of enum.property\n - 1 instance of enum._auto_null\n - 1 instance of dis._Unknown
collections.Counter.__init__
collections.Counter.update
/Library/Frameworks/Python.framework/Versions/3.11/lib/python3.11/collections/__init__.py
__main__.MemoryLeak.__init__
examples.memory..takeShortPauze
examples.memory..allocateLotsOfMemory
examples.memory..allocate1GB
examples.memory..<listcomp>
examples.memory..takeLongPause
examples.memory..<module>
examples.memory..main
examples.memory..showMemoryInfo
/Users/laffra/dev/micrologai/microlog/examples/memory.py
# 2 Statuses
0.002 211
0.109 210
0.21 209
0.318 209
0.42 209
0.527 208
0.629 206
0.735 207
0.843 206
0.951 205
1.056 204
1.16 204
1.268 204
1.374 204
1.48 203
1.585 202
1.691 202
1.797 201
1.904 200
2.009 199
2.11 198
2.219 197
2.326 196
2.431 195
2.539 194
2.644 193
2.753 192
2.86 191
2.966 190
3.072 189
3.174 188
3.276 187
3.38 186
3.486 185
3.592 184
3.696 183
3.803 182
3.912 181
4.018 180
4.124 179
4.231 178
4.335 177
4.44 176
4.544 175
4.648 174
4.755 173
4.861 172
4.965 171
5.073 170
5.175 169
5.279 168
5.385 167
5.486 166
5.591 165
5.695 164
5.801 163
5.904 162
6.008 161
6.111 160
6.218 159
6.326 158
6.431 157
6.536 156
6.643 155
8.499 154
8.604 152
8.711 152
8.818 152
8.924 153
9.029 152
9.134 152
9.241 151
9.35 150
9.455 150
9.56 150
9.66 150
9.761 150
9.868 149
9.971 149
10.077 148
10.179 147
10.285 146
10.391 145
10.495 144
10.601 143
10.706 142
10.811 141
10.918 140
11.023 139
11.126 138
11.235 137
11.341 136
11.449 135
11.557 134
11.665 133
11.771 132
11.877 131
11.98 130
12.088 129
12.189 128
12.292 127
12.393 126
12.498 125
12.603 124
12.708 123
12.818 122
12.924 121
13.03 120
13.137 119
13.243 118
13.344 117
13.451 116
13.554 115
13.66 114
13.768 113
13.877 112
13.983 111
14.091 110
14.196 109
14.303 108
14.409 107
14.514 106
16.523 105
16.624 103
16.729 103
16.835 103
16.939 103
17.042 103
17.149 104
17.254 103
17.359 103
17.466 103
17.574 102
17.675 101
17.777 101
17.885 101
17.989 101
18.092 100
18.197 99
18.305 98
18.413 97
18.519 96
18.627 95
18.735 94
18.839 93
18.946 92
19.053 91
19.161 90
19.268 89
19.37 88
19.477 87
19.585 86
19.687 85
19.796 84
19.903 83
20.007 82
20.111 81
20.217 80
20.32 79
20.426 78
20.535 77
20.643 76
20.751 75
20.855 74
20.961 73
21.068 72
21.172 71
21.28 70
21.385 69
21.491 68
21.594 67
21.696 66
21.803 65
21.911 64
22.018 63
22.125 62
22.23 61
22.335 60
22.439 59
22.543 58
22.651 57
22.757 56
22.861 55
22.968 54
24.716 53
24.823 52
24.93 51
25.039 50
25.145 50
25.25 50
25.357 50
25.462 50
25.568 50
25.674 50
25.779 50
25.886 49
25.991 47
26.097 48
26.206 47
26.359 46
26.359 45
# 7 CallSites
21 42 19 44
20 42 27 43
19 30 241 41
18 39 940 40
17 35 548 38
16 35 609 37
15 35 616 36
14 30 982 34
13 30 690 33
12 30 1149 32
11 30 1178 31
10 0 44 2
9 0 46 2
8 0 28 5
7 0 28 6
6 0 40 5
5 0 40 7
4 0 50 2
3 0 53 2
2 0 18 1
1 0 56 2
0 0 59 3
# 9 Stacks
16 11 12 13 14 15 16 17 11 12 13 18 19 20 21
15 11 12 13 14 15 16 17 11 12 13 18 19 20 21
14 0 10
13 0 9 2
12 0 4 5 6 7 8
11 0 4 5 6 7 8
10 0 4 5 6 7 8
9 0 4 5 6 7 8
8 0 4 5 6 7 8
7 0 4 5 6 7 8
6 0 4 5 6 7 8
5 0 3 2
4 0 4 5 6 7 8
3 0 3 2
2 0 3 2
1 0 1 2
0 
# 8 Markers
3 0.003 29 16 0.1
5 0.003 28 15 0.1
3 0.005 27 14 0.1
3 0.015 26 13 0.1
4 2.326 25 12 0.1
4 3.072 24 11 0.1
4 3.697 23 10 0.1
4 4.44 22 9 0.1
4 5.073 21 8 0.1
4 5.591 20 7 0.1
4 6.218 19 6 0.1
3 10.021 18 5 0.1
4 14.409 17 4 0.1
3 18.053 16 3 0.1
3 26.237 15 2 0.1
3 26.256 14 1 0.1
6 26.387 13 0 0.1
# 7 CallSites
18 0 47 2
17 0 22 9
16 0 53 2
15 0 16 1
14 10 597 12
13 10 688 11
12 0 23 9
11 0 27 6
10 0 32 8
9 0 50 2
8 0 40 7
7 0 40 5
6 0 28 6
5 0 28 5
4 0 51 2
3 0 36 4
2 0 59 3
1 0 56 2
0 0 18 1
# 1 Calls
0.058 0 3 18 2 1.476
1.534 0 10 11 5 0.212
2.274 0 17 5 6 0.0
1.746 0 5 6 5 0.898
2.644 0 10 11 5 0.216
3.486 0 12 5 6 0.0
2.86 0 5 6 5 0.943
3.803 0 10 11 5 0.215
4.018 0 5 6 5 0.789
4.807 0 10 11 5 0.214
5.021 0 5 6 5 0.727
5.748 0 10 11 5 0.208
1.534 0 8 9 2 6.965
1.534 0 7 8 3 5.162
1.534 0 6 7 4 5.162
5.955 0 5 6 5 0.741
8.499 0 3 4 2 1.523
10.021 0 0 16 2 0.055
10.077 0 10 11 5 0.153
10.23 0 5 6 5 0.476
10.706 0 10 11 5 0.212
10.918 0 12 5 6 0.0
10.918 0 5 6 5 0.693
11.611 0 10 11 5 0.212
11.823 0 5 6 5 0.78
12.603 0 10 11 5 0.215
13.399 0 17 5 6 0.0
12.818 0 5 6 5 0.789
13.607 0 10 11 5 0.161
10.077 0 8 9 2 6.446
10.077 0 7 8 3 4.491
10.077 0 6 7 4 4.491
13.768 0 5 6 5 0.8
16.523 0 3 4 2 1.518
18.041 0 15 16 2 0.05
18.041 0 14 15 3 0.05
18.041 0 13 14 4 0.05
18.092 0 10 11 5 0.213
18.305 0 5 6 5 0.375
18.679 0 10 11 5 0.214
18.894 0 5 6 5 0.793
19.687 0 10 11 5 0.216
19.956 0 12 5 6 0.0
19.903 0 5 6 5 0.9
20.803 0 10 11 5 0.212
21.015 0 5 6 5 0.895
21.911 0 10 11 5 0.214
18.092 0 8 9 2 6.624
18.092 0 7 8 3 4.876
18.092 0 6 7 4 4.876
22.125 0 5 6 5 0.843
24.716 0 3 4 2 1.541
0.058 0 2 0 0 26.199
0.058 0 1 2 1 26.199
26.256 0 0 1 2 0.0