# 10 74 Symbols
71 0 18825216 34359738368 5746528256 184
99 0 31621120 34359738368 5746528256 184
100 4 40288256 34359738368 5746528256 184
99 0 30285824 34359738368 5746528256 184
96 0 30777344 34359738368 5523873792 184
95 0 30851072 34359738368 5523873792 184
99 0 30908416 34359738368 5523873792 184
97 0 30920704 34359738368 5523873792 184
99 0 31199232 34359738368 5523873792 184
98 0 31203328 34359738368 5523873792 184
99 0 31203328 34359738368 5523873792 184
99 4 31203328 34359738368 5523873792 184
100 2 31203328 34359738368 5523873792 184
100 0 31203328 34359738368 5443653632 184
100 0 31203328 34359738368 5443706880 184
99 0 31203328 34359738368 5443706880 184
99 4 31211520 34359738368 5443706880 184
98 0 31211520 34359738368 5443706880 184
100 0 31211520 34359738368 3995426816 184
72 0 31211520 34359738368 3995426816 184
98 0 31211520 34359738368 3995426816 184
99 5 31211520 34359738368 3995426816 184
99 0 31211520 34359738368 3995426816 184
98 0 31559680 34359738368 2712887296 184
100 0 31559680 34359738368 2712887296 184
99 4 31559680 34359738368 2712887296 184
99 0 31559680 34359738368 2712887296 184
99 0 31612928 34359738368 2712887296 184
99 0 31625216 34359738368 1260580864 184
100 0 31625216 34359738368 1226231808 184
99 4 33374208 34359738368 1226231808 184
100 0 33738752 34359738368 1226231808 184
100 0 34373632 34359738368 1226231808 184
100 0 34770944 34359738368 5373952 184
100 0 34844672 34359738368 5373952 184
99 0 35803136 34359738368 5373952 184
100 3 35803136 34359738368 5373952 184
100 0 35803136 34359738368 5373952 184
100 0 35803136 34359738368 31338496 184
100 0 35803136 34359738368 29179904 184
99 0 35803136 34359738368 29278208 184
100 0 35811328 34359738368 29278208 184
## Command line\n/Library/Frameworks/Python.framework/Versions/3.10/bin/python3 examples/binaryTrees.py\n## Environment\n - TERM_PROGRAM: vscode\n - TERM: xterm-256color\n - SHELL: /bin/zsh\n - TMPDIR: /var/folders/mv/__z7_p816qg_qwf3js5gb5w00000gn/T/\n - TERM_PROGRAM_VERSION: 1.80.1\n - ZDOTDIR: /Users/laffra\n - ORIGINAL_XDG_CURRENT_DESKTOP: undefined\n - MallocNanoZone: 0\n - USER: laffra\n - COMMAND_MODE: unix2003\n - SSH_AUTH_SOCK: /private/tmp/com.apple.launchd.qVSzDUlJcZ/Listeners\n - __CF_USER_TEXT_ENCODING: 0x1F5:0x0:0x0\n - PATH: /Library/Frameworks/Python.framework/Versions/3.10/bin:/Library/Frameworks/Python.framework/Versions/3.11/bin:/usr/local/bin:/System/Cryptexes/App/usr/bin:/usr/bin:/bin:/usr/sbin:/sbin:/var/run/com.apple.security.cryptexd/codex.system/bootstrap/usr/local/bin:/var/run/com.apple.security.cryptexd/codex.system/bootstrap/usr/bin:/var/run/com.apple.security.cryptexd/codex.system/bootstrap/usr/appleinternal/bin:/Library/Frameworks/Python.framework/Versions/3.10/bin:/Library/Frameworks/Python.framework/Versions/3.11/bin:/Users/laffra/.cargo/bin\n - USER_ZDOTDIR: /Users/laffra\n - __CFBundleIdentifier: com.microsoft.VSCode\n - PWD: /Users/laffra/dev/micrologai/microlog\n - LANG: en_US.UTF-8\n - VSCODE_GIT_ASKPASS_EXTRA_ARGS: --ms-enable-electron-run-as-node\n - XPC_FLAGS: 0x0\n - XPC_SERVICE_NAME: 0\n - VSCODE_INJECTION: 1\n - SHLVL: 2\n - HOME: /Users/laffra\n - VSCODE_GIT_ASKPASS_MAIN: /Applications/Visual Studio Code.app/Contents/Resources/app/extensions/git/dist/askpass-main.js\n - LOGNAME: laffra\n - VSCODE_GIT_IPC_HANDLE: /var/folders/mv/__z7_p816qg_qwf3js5gb5w00000gn/T/vscode-git-5ea1f84a0f.sock\n - VSCODE_GIT_ASKPASS_NODE: /Applications/Visual Studio Code.app/Contents/Frameworks/Code Helper (Plugin).app/Contents/MacOS/Code Helper (Plugin)\n - GIT_ASKPASS: /Applications/Visual Studio Code.app/Contents/Resources/app/extensions/git/dist/askpass.sh\n - COLORTERM: truecolor\n - _: /Library/Frameworks/Python.framework/Versions/3.10/bin/python3
stretch tree of depth 16	 check: 131071
32768	 trees of depth 4	 check: 1015808
8192	 trees of depth 6	 check: 1040384
2048	 trees of depth 8	 check: 1046528
512	 trees of depth 10	 check: 1048064
128	 trees of depth 12	 check: 1048448
32	 trees of depth 14	 check: 1048544
long lived tree of depth 15	 check: 65535
6.93703293800354
\n# GC Statistics\nGC ran 11133 times for 2.910s (41.9% of 6.942s), averaging 0.000s per collection.\nIn total, 2,710 objects were collected.\n\n
site..<module>
site..main
site..execsitecustomize
/Library/Frameworks/Python.framework/Versions/3.10/lib/python3.10/site.py
importlib._bootstrap.._find_and_load
importlib._bootstrap.._find_and_load_unlocked
importlib._bootstrap.._load_unlocked
_frozen_importlib_external.SourceFileLoader.exec_module
/Library/Frameworks/Python.framework/Versions/3.10/lib/python3.10/importlib/_bootstrap_external.py
importlib._bootstrap.._call_with_frames_removed
/Library/Frameworks/Python.framework/Versions/3.10/lib/python3.10/importlib/_bootstrap.py
sitecustomize..<module>
/Users/laffra/Library/Python/3.10/lib/python/site-packages/sitecustomize.py
examples.binaryTrees..check_tree
__main__.Node.__init__
examples.binaryTrees..make_check
examples.binaryTrees..make_tree
examples.binaryTrees..main
examples.binaryTrees..<module>
examples.binaryTrees..run
/Users/laffra/dev/micrologai/microlog/examples/binaryTrees.py
# 2 Statuses
0.001 73
0.125 72
0.231 71
0.341 70
0.456 69
0.565 68
0.674 67
0.785 66
0.893 65
0.998 64
1.106 63
1.214 62
1.325 61
1.443 60
1.555 59
1.662 58
1.77 58
1.88 58
1.99 59
2.1 58
2.207 57
2.315 57
2.425 56
2.53 53
2.637 51
2.744 55
2.869 55
2.975 54
3.085 53
3.194 51
3.302 52
3.409 51
3.547 50
3.656 49
3.771 49
3.88 47
3.995 49
4.106 47
4.241 48
4.351 47
4.457 46
4.578 45
4.685 44
4.802 44
4.941 44
5.049 44
5.159 44
5.268 43
5.393 42
5.5 41
5.621 40
5.731 40
5.857 39
5.966 38
6.074 36
6.181 38
6.308 37
6.416 36
6.538 35
6.647 34
6.757 33
6.864 33
6.942 32
# 7 CallSites
14 8 11 9
13 17 549 18
12 17 610 19
11 17 617 20
10 10 241 11
9 12 883 13
8 10 688 14
7 10 1006 15
6 10 1027 16
5 0 47 3
4 0 57 3
3 0 59 3
2 0 63 1
1 0 65 1
0 0 67 2
# 9 Stacks
10 6 7 8 9 10 11 12 13 6 7 8 9 10 14
9 0 2 5
8 0 2 4
7 0 2 4
6 0 2 4
5 0 2 4
4 0 2 4
3 0 2 4
2 0 2 3
1 0 1
0 
# 8 Markers
5 0.002 31 10 0.1
3 0.246 30 9 0.1
3 0.904 29 8 0.1
3 1.407 28 7 0.1
3 2.176 27 6 0.1
3 3.412 26 5 0.1
3 5.152 25 4 0.1
3 6.928 24 3 0.1
3 6.941 23 2 0.1
3 6.942 22 1 0.1
5 7.036 21 0 0.1
# 7 CallSites
22 17 617 20
21 17 610 19
20 17 549 18
19 10 1027 16
18 10 1006 15
17 10 688 14
16 12 883 13
15 10 241 11
14 8 11 9
13 0 16 6
12 0 47 3
11 0 22 7
10 0 19 4
9 0 27 7
8 0 24 7
7 0 15 6
6 0 56 3
5 0 31 5
4 0 20 4
3 0 63 1
2 0 59 3
1 0 67 2
0 0 65 1
# 1 Calls
0.002 0 19 14 0 0.123
0.002 0 18 19 1 0.123
0.002 0 17 18 2 0.123
0.002 0 16 17 3 0.123
0.002 0 15 16 4 0.123
0.002 0 22 15 5 0.123
0.002 0 21 22 6 0.123
0.002 0 20 21 7 0.123
0.002 0 19 20 8 0.123
0.002 0 18 19 9 0.123
0.002 0 17 18 10 0.123
0.002 0 16 17 11 0.123
0.002 0 15 16 12 0.123
0.002 0 14 15 13 0.123
0.124 0 4 5 4 0.106
0.124 0 4 4 5 0.106
0.124 0 4 4 6 0.106
0.124 0 4 4 7 0.106
0.124 0 4 4 8 0.106
0.124 0 4 4 9 0.106
0.124 0 4 4 10 0.106
0.124 0 4 4 11 0.106
0.124 0 4 4 12 0.106
0.124 0 4 4 13 0.106
0.124 0 4 4 14 0.106
0.124 0 4 4 15 0.106
0.124 0 4 4 16 0.106
0.124 0 4 4 17 0.106
0.124 0 4 4 18 0.106
0.124 0 4 4 19 0.106
0.124 0 13 4 20 0.0
0.124 0 5 12 3 0.106
0.23 0 9 5 4 0.0
0.23 0 9 9 5 0.0
0.23 0 9 9 6 0.0
0.23 0 9 9 7 0.0
0.23 0 9 9 8 0.0
0.23 0 9 9 9 0.0
0.23 0 9 9 10 0.0
0.23 0 9 9 11 0.0
0.23 0 9 9 12 0.0
0.23 0 9 9 13 0.0
0.23 0 9 9 14 0.0
0.23 0 9 9 15 0.0
0.23 0 9 9 16 0.0
0.23 0 9 9 17 0.0
0.23 0 9 9 18 0.0
0.23 0 8 9 19 0.0
0.341 0 9 5 4 0.114
0.341 0 9 9 5 0.114
0.341 0 9 9 6 0.114
0.341 0 9 9 7 0.114
0.341 0 11 9 8 0.0
0.455 0 4 5 4 0.11
0.455 0 4 4 5 0.11
0.455 0 4 4 6 0.11
0.455 0 10 4 7 0.11
0.565 0 9 5 4 0.109
0.565 0 9 9 5 0.109
0.565 0 9 9 6 0.109
0.565 0 9 9 7 0.109
0.784 0 4 4 8 0.0
0.784 0 7 4 9 0.0
0.341 0 5 6 3 0.551
0.674 0 4 5 4 0.218
0.674 0 4 4 5 0.218
0.674 0 4 4 6 0.218
0.674 0 10 4 7 0.218
1.105 0 4 5 4 0.109
1.105 0 4 4 5 0.109
1.105 0 4 4 6 0.109
1.105 0 4 4 7 0.109
1.105 0 4 4 8 0.109
1.214 0 8 9 8 0.0
0.998 0 5 6 3 0.326
1.214 0 9 5 4 0.11
1.214 0 9 9 5 0.11
1.214 0 9 9 6 0.11
1.214 0 8 9 7 0.11
1.443 0 4 5 4 0.111
1.443 0 4 4 5 0.111
1.443 0 4 4 6 0.111
1.443 0 4 4 7 0.111
1.443 0 4 4 8 0.111
1.443 0 4 4 9 0.111
1.443 0 4 4 10 0.111
1.443 0 4 4 11 0.111
1.443 0 10 4 12 0.111
1.77 0 4 4 12 0.11
1.879 0 7 4 12 0.0
1.443 0 5 6 3 0.657
1.77 0 4 5 4 0.33
1.77 0 4 4 5 0.33
1.77 0 4 4 6 0.33
1.77 0 4 4 7 0.33
1.77 0 4 4 8 0.33
1.77 0 4 4 9 0.33
1.77 0 4 4 10 0.33
1.77 0 4 4 11 0.33
2.1 0 4 4 12 0.0
2.207 0 4 4 13 0.108
2.315 0 7 4 13 0.11
2.207 0 4 5 4 0.43
2.207 0 4 4 5 0.43
2.207 0 4 4 6 0.43
2.207 0 4 4 7 0.43
2.207 0 4 4 8 0.43
2.207 0 4 4 9 0.43
2.207 0 4 4 10 0.43
2.207 0 4 4 11 0.43
2.207 0 4 4 12 0.43
2.424 0 4 4 13 0.213
2.53 0 4 4 14 0.0
2.637 0 9 5 4 0.107
2.637 0 9 9 5 0.107
2.637 0 9 9 6 0.107
2.637 0 9 9 7 0.107
2.637 0 9 9 8 0.107
2.637 0 9 9 9 0.107
2.637 0 9 9 10 0.107
2.637 0 9 9 11 0.107
2.637 0 9 9 12 0.107
2.637 0 9 9 13 0.107
2.744 0 4 5 4 0.231
2.744 0 4 4 5 0.231
2.744 0 4 4 6 0.231
2.744 0 4 4 7 0.231
2.744 0 4 4 8 0.231
2.744 0 4 4 9 0.231
2.744 0 4 4 10 0.231
2.744 0 4 4 11 0.231
2.744 0 4 4 12 0.231
2.744 0 4 4 13 0.231
2.868 0 4 4 14 0.106
2.975 0 7 4 15 0.0
3.193 0 4 5 4 0.0
3.193 0 4 4 5 0.0
3.193 0 4 4 6 0.0
3.193 0 4 4 7 0.0
3.193 0 4 4 8 0.0
3.193 0 4 4 9 0.0
3.193 0 4 4 10 0.0
3.193 0 4 4 11 0.0
3.193 0 4 4 12 0.0
3.193 0 4 4 13 0.0
2.207 0 5 6 3 1.202
3.409 0 9 5 4 0.0
3.409 0 9 9 5 0.0
3.409 0 9 9 6 0.0
3.409 0 9 9 7 0.0
3.409 0 9 9 8 0.0
3.409 0 9 9 9 0.0
3.409 0 9 9 10 0.0
3.409 0 9 9 11 0.0
3.409 0 9 9 12 0.0
3.409 0 9 9 13 0.0
3.546 0 4 5 4 0.0
3.546 0 4 4 5 0.0
3.546 0 4 4 6 0.0
3.546 0 4 4 7 0.0
3.546 0 4 4 8 0.0
3.546 0 4 4 9 0.0
3.546 0 4 4 10 0.0
3.546 0 4 4 11 0.0
3.77 0 4 4 14 0.335
3.77 0 4 4 15 0.335
3.995 0 4 4 16 0.11
3.77 0 4 5 4 0.581
3.77 0 4 4 5 0.581
3.77 0 4 4 6 0.581
3.77 0 4 4 7 0.581
3.77 0 4 4 8 0.581
3.77 0 4 4 9 0.581
3.77 0 4 4 10 0.581
3.77 0 4 4 11 0.581
3.77 0 4 4 12 0.581
3.77 0 4 4 13 0.581
4.351 0 9 5 4 0.106
4.351 0 9 9 5 0.106
4.351 0 9 9 6 0.106
4.351 0 9 9 7 0.106
4.351 0 9 9 8 0.106
4.351 0 9 9 9 0.106
4.351 0 9 9 10 0.106
4.351 0 9 9 11 0.106
4.351 0 9 9 12 0.106
4.351 0 9 9 13 0.106
4.351 0 9 9 14 0.106
4.351 0 9 9 15 0.106
4.457 0 10 4 15 0.0
4.685 0 4 4 16 0.0
4.685 0 7 4 17 0.0
4.685 0 4 4 15 0.117
3.546 0 5 6 3 1.502
4.457 0 4 5 4 0.592
4.457 0 4 4 5 0.592
4.457 0 4 4 6 0.592
4.457 0 4 4 7 0.592
4.457 0 4 4 8 0.592
4.457 0 4 4 9 0.592
4.457 0 4 4 10 0.592
4.457 0 4 4 11 0.592
4.457 0 4 4 12 0.592
4.457 0 4 4 13 0.592
4.457 0 4 4 14 0.592
5.048 0 4 4 15 0.0
5.048 0 10 4 16 0.0
5.158 0 4 4 17 0.0
5.158 0 4 4 18 0.0
5.158 0 7 4 19 0.0
5.393 0 4 4 17 0.107
5.393 0 4 4 18 0.107
5.5 0 7 4 19 0.0
5.158 0 4 4 16 0.572
5.731 0 4 4 17 0.0
5.731 0 4 4 18 0.0
5.158 0 4 5 4 0.807
5.158 0 4 4 5 0.807
5.158 0 4 4 6 0.807
5.158 0 4 4 7 0.807
5.158 0 4 4 8 0.807
5.158 0 4 4 9 0.807
5.158 0 4 4 10 0.807
5.158 0 4 4 11 0.807
5.158 0 4 4 12 0.807
5.158 0 4 4 13 0.807
5.158 0 4 4 14 0.807
5.158 0 4 4 15 0.807
5.965 0 9 5 4 0.108
5.965 0 9 9 5 0.108
5.965 0 9 9 6 0.108
5.965 0 9 9 7 0.108
5.965 0 9 9 8 0.108
5.965 0 9 9 9 0.108
5.965 0 9 9 10 0.108
5.965 0 9 9 11 0.108
5.965 0 9 9 12 0.108
5.965 0 9 9 13 0.108
5.965 0 9 9 14 0.108
5.965 0 8 9 15 0.108
6.073 0 4 4 16 0.107
6.073 0 4 4 17 0.0
6.073 0 7 4 18 0.0
6.18 0 7 4 16 0.127
6.073 0 4 5 4 0.465
6.073 0 4 4 5 0.465
6.073 0 4 4 6 0.465
6.073 0 4 4 7 0.465
6.073 0 4 4 8 0.465
6.073 0 4 4 9 0.465
6.073 0 4 4 10 0.465
6.073 0 4 4 11 0.465
6.073 0 4 4 12 0.465
6.073 0 4 4 13 0.465
6.073 0 4 4 14 0.465
6.073 0 4 4 15 0.465
6.308 0 4 4 16 0.23
6.308 0 4 4 17 0.23
5.158 0 5 6 3 1.705
6.757 0 4 5 4 0.107
6.757 0 4 4 5 0.107
6.757 0 4 4 6 0.107
6.757 0 4 4 7 0.107
6.757 0 4 4 8 0.107
6.757 0 4 4 9 0.107
6.757 0 4 4 10 0.107
6.757 0 4 4 11 0.107
6.757 0 4 4 12 0.107
6.757 0 4 4 13 0.107
6.757 0 4 4 14 0.107
6.757 0 4 4 15 0.107
6.757 0 4 4 16 0.107
6.757 0 4 4 17 0.107
6.863 0 4 4 18 0.0
0.124 0 2 3 2 6.817
0.124 0 1 0 0 6.817
0.124 0 0 1 1 6.817