# 10 167 Symbols
100 8 20455424 34359738368 8503443456 178
97 0 21905408 34359738368 8500105216 178
100 0 22081536 34359738368 8500105216 178
100 0 22372352 34359738368 8500105216 178
100 0 22540288 34359738368 8500105216 178
100 0 22687744 34359738368 8500105216 178
99 0 23040000 34359738368 8500105216 178
99 4 23314432 34359738368 8500105216 178
99 0 23703552 34359738368 8500105216 178
78 0 23842816 34359738368 8500105216 178
92 0 24150016 34359738368 8354877440 178
99 0 24354816 34359738368 8354877440 178
100 0 24772608 34359738368 8354877440 178
100 0 25182208 34359738368 8354877440 178
100 0 25436160 34359738368 8354877440 178
99 0 25464832 34359738368 8354877440 178
99 3 25464832 34359738368 8354877440 178
100 0 25468928 34359738368 8354877440 178
99 0 25468928 34359738368 8354877440 178
99 0 25481216 34359738368 7571791872 178
99 0 25509888 34359738368 7571791872 178
99 0 25567232 34359738368 7571791872 178
98 0 25628672 34359738368 7571791872 178
100 0 25907200 34359738368 7571791872 178
100 0 25985024 34359738368 7571791872 178
100 3 26214400 34359738368 7571791872 178
99 0 26214400 34359738368 7571791872 178
98 0 26214400 34359738368 7571791872 178
99 0 26214400 34359738368 6158266368 178
99 0 26214400 34359738368 6064570368 178
100 0 26214400 34359738368 6064570368 178
99 0 26222592 34359738368 6064570368 178
82 0 26234880 34359738368 6064570368 178
88 0 26267648 34359738368 6064570368 178
99 4 26333184 34359738368 6064570368 178
99 3 26386432 34359738368 6064570368 178
99 0 26558464 34359738368 6064570368 178
99 0 26652672 34359738368 4759404544 178
100 0 26652672 34359738368 4759404544 178
100 3 26705920 34359738368 4759404544 178
100 1 26841088 34359738368 4759404544 178
100 0 27209728 34359738368 4759404544 178
100 0 27459584 34359738368 2857082880 178
100 0 27459584 34359738368 2744360960 178
100 0 27480064 34359738368 2744360960 178
100 2 27508736 34359738368 2744360960 178
100 8 27660288 34359738368 2744360960 178
100 0 27680768 34359738368 2744360960 178
100 0 28016640 34359738368 971173888 178
97 0 28033024 34359738368 753033216 178
100 0 28033024 34359738368 753033216 178
100 2 28033024 34359738368 753033216 178
100 0 28065792 34359738368 753033216 178
100 0 28160000 34359738368 753033216 178
100 0 28418048 34359738368 2292576256 178
100 0 28532736 34359738368 2772570112 178
100 2 28659712 34359738368 2772570112 178
99 0 28659712 34359738368 2772570112 178
100 0 28659712 34359738368 2772570112 178
100 0 28659712 34359738368 6506086400 178
100 0 28663808 34359738368 6865371136 178
100 0 28704768 34359738368 7225159680 178
100 0 28905472 34359738368 7225159680 178
100 0 29016064 34359738368 7225159680 178
100 2 29220864 34359738368 7225159680 178
100 0 29220864 34359738368 7225159680 178
100 0 29220864 34359738368 7343566848 178
100 0 29229056 34359738368 7343566848 178
100 0 29237248 34359738368 7343566848 178
100 0 29245440 34359738368 7343566848 178
100 1 29253632 34359738368 7343566848 178
100 2 29253632 34359738368 7343566848 178
100 0 29253632 34359738368 7343566848 178
100 0 29253632 34359738368 7462420480 178
100 0 29253632 34359738368 7283650560 178
100 0 29253632 34359738368 7147335680 178
100 0 29343744 34359738368 7147335680 178
100 1 29364224 34359738368 7147335680 178
100 1 29417472 34359738368 7147335680 178
100 0 29417472 34359738368 7147335680 178
100 0 29417472 34359738368 5688840192 178
100 1 29417472 34359738368 5558296576 178
99 0 29417472 34359738368 5558296576 178
100 0 29417472 34359738368 5558296576 178
100 0 29417472 34359738368 3765039104 178
100 2 29417472 34359738368 3624005632 178
100 0 29417472 34359738368 3624005632 178
100 0 29417472 34359738368 1976029184 178
100 1 29417472 34359738368 1976029184 178
100 2 29429760 34359738368 1976029184 178
100 0 29429760 34359738368 1976029184 178
100 0 29429760 34359738368 15351808 178
99 0 29429760 34359738368 29065216 178
100 0 29429760 34359738368 120541184 178
100 2 29429760 34359738368 120541184 178
99 3 29433856 34359738368 120541184 178
100 0 29442048 34359738368 120541184 178
100 0 29442048 34359738368 3418341376 178
100 0 29442048 34359738368 3897876480 178
100 0 29442048 34359738368 4383694848 178
99 0 29442048 34359738368 4856205312 178
100 2 29442048 34359738368 4856205312 178
100 0 29442048 34359738368 4856205312 178
100 0 29532160 34359738368 4856205312 178
100 0 29544448 34359738368 7274950656 178
100 0 29622272 34359738368 7273959424 178
100 0 29753344 34359738368 7273959424 178
100 2 29765632 34359738368 7273959424 178
100 0 29765632 34359738368 7273959424 178
100 0 29769728 34359738368 7260090368 178
100 0 29937664 34359738368 7260102656 178
100 0 29958144 34359738368 7260102656 178
3 1 29970432 34359738368 7260102656 178
0 0 29970432 34359738368 7260102656 178
sitecustomize..install_microlog_as_a_continuous_profiler
sitecustomize..<module>
/Users/laffra/dev/micrologai/microlog/.venv/lib/python3.11/site-packages/sitecustomize.py
importlib._bootstrap.._call_with_frames_removed
_frozen_importlib_external.SourceFileLoader.exec_module
/Library/Frameworks/Python.framework/Versions/3.11/lib/python3.11/importlib/_bootstrap_external.py
site..execsitecustomize
site..main
site..<module>
/Library/Frameworks/Python.framework/Versions/3.11/lib/python3.11/site.py
importlib._bootstrap..exec_module
importlib._bootstrap.._load_unlocked
importlib._bootstrap.._find_and_load_unlocked
importlib._bootstrap.._find_and_load
/Library/Frameworks/Python.framework/Versions/3.11/lib/python3.11/importlib/_bootstrap.py
Microlog: Using a signal timer with a sample delay of 0.05s
## Command line\n/Users/laffra/dev/micrologai/microlog/.venv/bin/python3 examples/go.py\n## Environment\n - TERM_PROGRAM: vscode\n - TERM: xterm-256color\n - SHELL: /bin/zsh\n - TMPDIR: /var/folders/mv/__z7_p816qg_qwf3js5gb5w00000gn/T/\n - TERM_PROGRAM_VERSION: 1.80.1\n - ZDOTDIR: /Users/laffra\n - ORIGINAL_XDG_CURRENT_DESKTOP: undefined\n - MallocNanoZone: 0\n - USER: laffra\n - COMMAND_MODE: unix2003\n - SSH_AUTH_SOCK: /private/tmp/com.apple.launchd.qVSzDUlJcZ/Listeners\n - __CF_USER_TEXT_ENCODING: 0x1F5:0x0:0x0\n - VIRTUAL_ENV: /Users/laffra/dev/micrologai/microlog/.venv\n - PATH: /Users/laffra/dev/micrologai/microlog/.venv/bin:/Library/Frameworks/Python.framework/Versions/3.10/bin:/Library/Frameworks/Python.framework/Versions/3.11/bin:/usr/local/bin:/System/Cryptexes/App/usr/bin:/usr/bin:/bin:/usr/sbin:/sbin:/var/run/com.apple.security.cryptexd/codex.system/bootstrap/usr/local/bin:/var/run/com.apple.security.cryptexd/codex.system/bootstrap/usr/bin:/var/run/com.apple.security.cryptexd/codex.system/bootstrap/usr/appleinternal/bin:/Library/Frameworks/Python.framework/Versions/3.10/bin:/Library/Frameworks/Python.framework/Versions/3.11/bin:/Users/laffra/.cargo/bin\n - USER_ZDOTDIR: /Users/laffra\n - __CFBundleIdentifier: com.microsoft.VSCode\n - PWD: /Users/laffra/dev/micrologai/microlog\n - LANG: en_US.UTF-8\n - VSCODE_GIT_ASKPASS_EXTRA_ARGS: --ms-enable-electron-run-as-node\n - XPC_FLAGS: 0x0\n - XPC_SERVICE_NAME: 0\n - VSCODE_INJECTION: 1\n - SHLVL: 2\n - HOME: /Users/laffra\n - VSCODE_GIT_ASKPASS_MAIN: /Applications/Visual Studio Code.app/Contents/Resources/app/extensions/git/dist/askpass-main.js\n - LOGNAME: laffra\n - VSCODE_GIT_IPC_HANDLE: /var/folders/mv/__z7_p816qg_qwf3js5gb5w00000gn/T/vscode-git-5ea1f84a0f.sock\n - VSCODE_GIT_ASKPASS_NODE: /Applications/Visual Studio Code.app/Contents/Frameworks/Code Helper (Plugin).app/Contents/MacOS/Code Helper (Plugin)\n - GIT_ASKPASS: /Applications/Visual Studio Code.app/Contents/Resources/app/extensions/git/dist/askpass.sh\n - VIRTUAL_ENV_PROMPT: (.venv) \n - COLORTERM: truecolor\n - _: /Users/laffra/dev/micrologai/microlog/.venv/bin/python3
18.00268006324768
\n# General Statistics\n- Performed 342 samples\n# GC Statistics\nGC ran 187 times for 0.075s (0.4% of 18.114s), averaging 0.000s per collection.\nIn total, 120,354 objects were collected.\n\n# Possible Memory Leaks\nFound 322 relevant leaks. Here is the top 10:\n - 320 instances of enum.property\n - 1 instance of enum._auto_null\n - 1 instance of dis._Unknown
__main__.ZobristHash.add
__main__.Board.replay
__main__.ZobristHash.dupe
__main__.ZobristHash.__init__
__main__.Board.reset
__main__.EmptySet.__init__
__main__.EmptySet.set
__main__.Board.__init__
__main__.Square.__init__
examples.go..<listcomp>
__main__.EmptySet.remove
__main__.Board.useful_fast
__main__.UCTNode.best_child
__main__.UCTNode.score
__main__.ZobristHash.update
__main__.EmptySet.add
__main__.Square.remove
__main__.Board.move
__main__.Square.move
__main__.Square.find
__main__.Board.useful_moves
__main__.Board.<listcomp>
__main__.UCTNode.update_path
__main__.Board.score
examples.go..<module>
examples.go..main
examples.go..versus_cpu
examples.go..computer_move
__main__.UCTNode.play
__main__.UCTNode.random_playout
__main__.Board.random_move
__main__.EmptySet.random_choice
__main__.Board.useful
/Users/laffra/dev/micrologai/microlog/examples/go.py
# 2 Statuses
0.001 166
0.105 165
0.21 164
0.314 163
0.419 162
0.525 161
0.629 160
0.737 159
0.842 158
0.957 157
1.064 156
1.168 155
1.275 154
1.382 153
1.487 152
1.592 151
1.699 151
1.804 150
1.911 149
2.017 148
2.118 147
2.227 146
2.334 145
2.439 144
2.547 143
2.652 142
2.761 141
2.867 140
2.973 139
3.08 138
3.182 137
3.284 137
3.387 136
3.493 135
3.6 134
3.704 133
3.81 132
3.919 131
4.025 130
4.131 129
4.238 128
4.343 129
4.447 128
4.552 128
4.656 128
4.762 128
4.869 127
4.973 126
5.077 125
5.183 124
5.286 123
5.392 122
5.494 122
5.598 122
5.702 122
5.808 122
5.911 121
6.016 120
6.119 119
6.225 118
6.334 117
6.438 116
6.544 116
6.65 116
6.758 116
6.862 115
6.965 115
7.071 114
7.177 113
7.282 112
7.388 111
7.492 108
7.598 108
7.704 108
7.811 108
7.916 110
8.018 109
8.125 108
8.231 107
8.333 106
8.442 105
8.545 104
8.649 103
8.757 101
8.864 102
8.973 102
9.079 101
9.183 101
9.287 100
9.393 99
9.498 98
9.609 98
9.71 97
9.812 94
9.919 96
10.025 95
10.132 94
10.237 93
10.345 92
10.45 91
10.554 91
10.662 90
10.764 90
10.873 89
10.978 88
11.082 88
11.186 87
11.292 86
11.397 83
11.498 83
11.599 83
11.7 83
11.809 83
11.914 85
12.022 85
12.129 84
12.232 83
12.339 82
12.442 80
12.547 80
12.651 80
12.752 80
12.859 80
12.966 81
13.071 80
13.178 80
13.28 80
13.382 79
13.487 79
13.594 79
13.701 79
13.802 79
13.911 79
14.017 78
14.125 77
14.232 76
14.334 76
14.442 75
14.547 74
14.649 73
14.754 73
14.861 73
14.968 73
15.075 72
15.178 72
15.284 71
15.392 70
15.498 69
15.6 68
15.705 67
15.813 64
15.92 66
16.025 64
16.133 65
16.242 64
16.347 64
16.449 63
16.552 62
16.653 61
16.759 60
16.862 60
16.966 60
17.07 58
17.178 59
17.281 58
17.387 58
17.496 58
17.599 57
17.7 56
17.802 55
17.904 55
18.011 55
18.114 54
18.114 53
# 7 CallSites
12 50 19 52
11 50 27 51
10 38 241 49
9 47 940 48
8 43 548 46
7 43 609 45
6 43 616 44
5 38 982 42
4 38 690 41
3 38 1149 40
2 38 1178 39
1 0 457 8
0 0 460 9
# 9 Stacks
3 2 3 4 5 6 7 8 2 3 4 9 10 11 12
2 2 3 4 5 6 7 8 2 3 4 9 10 11 12
1 0 1
0 
# 8 Markers
3 0.002 37 3 0.1
5 0.002 36 2 0.1
3 18.013 35 1 0.1
6 18.157 34 0 0.1
# 7 CallSites
80 0 385 20
79 0 245 10
78 0 46 15
77 0 151 33
76 0 386 20
75 0 139 30
74 0 70 15
73 0 150 33
72 0 441 6
71 0 241 32
70 0 192 3
69 0 198 22
68 0 128 23
67 0 143 30
66 0 253 10
65 0 231 1
64 0 153 31
63 0 118 2
62 0 170 29
61 0 142 30
60 0 393 21
59 0 110 2
58 0 0 17
57 0 440 6
56 0 169 29
55 0 108 28
54 0 127 23
53 0 119 2
52 0 130 27
51 0 0 15
50 0 437 6
49 0 160 26
48 0 160 12
47 0 35 25
46 0 35 24
45 0 182 16
44 0 126 23
43 0 227 1
42 0 209 1
41 0 206 1
40 0 195 22
39 0 113 2
38 0 58 15
37 0 112 2
36 0 383 11
35 0 397 21
34 0 391 20
33 0 0 1
32 0 73 17
31 0 50 15
30 0 146 19
29 0 77 17
28 0 122 18
27 0 69 15
26 0 86 17
25 0 84 17
24 0 65 15
23 0 178 16
22 0 216 1
21 0 94 14
20 0 230 1
19 0 72 17
18 0 181 16
17 0 60 15
16 0 91 14
15 0 340 5
14 0 239 13
13 0 239 12
12 0 202 1
11 0 348 5
10 0 372 11
9 0 0 10
8 0 460 9
7 0 455 8
6 0 450 7
5 0 442 6
4 0 347 5
3 0 368 4
2 0 193 3
1 0 115 2
0 0 215 1
# 1 Calls
0.054 0 3 4 5 0.051
0.054 0 2 3 6 0.051
0.054 0 1 2 7 0.0
0.054 0 22 1 8 0.0
0.054 0 21 22 9 0.0
0.054 0 16 21 10 0.0
0.105 0 9 10 6 0.054
0.105 0 36 11 5 0.106
0.158 0 35 36 6 0.052
0.158 0 80 35 7 0.052
0.21 0 2 3 6 0.103
0.21 0 1 2 7 0.103
0.262 0 33 1 8 0.052
0.21 0 3 4 5 0.156
0.314 0 18 3 6 0.053
0.314 0 17 18 7 0.053
0.314 0 16 17 8 0.0
0.367 0 36 11 5 0.053
0.367 0 35 36 6 0.053
0.367 0 80 35 7 0.053
0.419 0 2 3 6 0.106
0.419 0 1 2 7 0.106
0.419 0 22 1 8 0.106
0.419 0 16 22 9 0.106
0.525 0 18 3 6 0.051
0.525 0 27 18 7 0.051
0.525 0 26 27 8 0.051
0.525 0 25 26 9 0.051
0.525 0 21 25 10 0.051
0.525 0 21 21 11 0.0
0.525 0 16 21 12 0.0
0.577 0 2 3 6 0.053
0.577 0 1 2 7 0.053
0.577 0 22 1 8 0.053
0.577 0 21 22 9 0.0
0.577 0 16 21 10 0.0
0.629 0 30 31 8 0.054
0.683 0 26 27 8 0.0
0.683 0 58 26 9 0.0
0.629 0 18 3 6 0.159
0.629 0 38 18 7 0.159
0.788 0 2 3 6 0.054
0.788 0 1 2 7 0.054
0.788 0 42 1 8 0.054
0.788 0 30 42 9 0.0
0.842 0 18 3 6 0.053
0.842 0 31 18 7 0.053
0.842 0 30 31 8 0.053
0.895 0 2 3 6 0.062
0.895 0 1 2 7 0.062
0.895 0 33 1 8 0.0
0.957 0 68 45 7 0.054
0.957 0 18 3 6 0.107
1.011 0 17 18 7 0.053
1.011 0 21 17 8 0.053
1.011 0 21 21 9 0.0
1.011 0 21 21 10 0.0
1.011 0 16 21 11 0.0
0.419 0 3 4 5 0.698
1.064 0 2 3 6 0.054
1.064 0 1 2 7 0.0
1.064 0 12 1 8 0.0
1.118 0 10 11 5 0.05
1.118 0 9 10 6 0.05
1.168 0 44 45 7 0.055
1.168 0 18 3 6 0.107
1.223 0 74 18 7 0.052
1.223 0 77 74 8 0.052
1.275 0 2 3 6 0.054
1.275 0 1 2 7 0.054
1.275 0 41 1 8 0.0
1.275 0 69 41 9 0.0
1.168 0 3 4 5 0.267
1.329 0 18 3 6 0.105
1.329 0 27 18 7 0.105
1.382 0 25 27 8 0.0
1.382 0 16 25 9 0.0
1.435 0 36 11 5 0.053
1.435 0 35 36 6 0.053
1.435 0 34 35 7 0.053
1.487 0 16 22 9 0.0
1.592 0 30 42 9 0.0
1.487 0 2 3 6 0.211
1.487 0 1 2 7 0.211
1.487 0 33 1 8 0.211
1.699 0 18 3 6 0.055
1.699 0 27 18 7 0.055
1.699 0 25 27 8 0.055
1.699 0 16 25 9 0.055
1.754 0 22 1 8 0.051
1.754 0 21 22 9 0.0
1.754 0 16 21 10 0.0
1.487 0 3 4 5 0.371
1.754 0 2 3 6 0.105
1.754 0 53 2 7 0.105
1.804 0 52 53 8 0.0
1.858 0 36 11 5 0.053
1.858 0 35 36 6 0.053
1.858 0 34 35 7 0.053
1.911 0 40 41 9 0.053
1.911 0 2 3 6 0.105
1.911 0 1 2 7 0.105
1.911 0 22 1 8 0.053
1.965 0 21 22 9 0.0
1.965 0 16 21 10 0.0
2.017 0 18 3 6 0.156
2.017 0 27 18 7 0.156
2.118 0 25 27 8 0.055
2.118 0 16 25 9 0.055
1.911 0 3 4 5 0.315
2.173 0 2 3 6 0.054
2.173 0 1 2 7 0.0
2.173 0 22 1 8 0.0
2.173 0 21 22 9 0.0
2.173 0 16 21 10 0.0
2.227 0 14 15 5 0.055
2.227 0 13 14 6 0.055
0.054 0 4 5 4 2.28
2.282 0 3 4 5 0.052
2.282 0 2 3 6 0.0
2.282 0 1 2 7 0.0
2.282 0 20 1 8 0.0
2.282 0 25 20 9 0.0
2.282 0 21 25 10 0.0
2.282 0 16 21 11 0.0
2.334 0 62 57 4 0.053
2.334 0 61 62 5 0.053
2.386 0 10 11 5 0.052
2.386 0 79 10 6 0.052
2.439 0 40 41 9 0.054
2.492 0 21 21 10 0.0
2.492 0 21 21 11 0.0
2.492 0 16 21 12 0.0
2.492 0 16 22 9 0.054
2.439 0 2 3 6 0.267
2.439 0 1 2 7 0.267
2.439 0 22 1 8 0.267
2.652 0 16 22 9 0.054
2.706 0 21 17 8 0.0
2.706 0 21 21 9 0.0
2.706 0 16 21 10 0.0
2.386 0 4 5 4 0.429
2.439 0 3 4 5 0.322
2.706 0 18 3 6 0.055
2.706 0 38 18 7 0.055
2.815 0 71 72 4 0.052
2.867 0 4 5 4 0.052
2.867 0 3 4 5 0.0
2.867 0 2 3 6 0.0
2.867 0 1 2 7 0.0
2.867 0 33 1 8 0.0
2.92 0 71 72 4 0.054
2.973 0 45 3 6 0.052
2.973 0 44 45 7 0.052
3.08 0 58 20 9 0.102
3.025 0 2 3 6 0.157
3.025 0 1 2 7 0.157
3.025 0 41 1 8 0.157
3.182 0 40 41 9 0.0
2.973 0 3 4 5 0.363
3.284 0 18 3 6 0.053
3.284 0 27 18 7 0.0
3.284 0 26 27 8 0.0
3.284 0 58 26 9 0.0
3.336 0 10 11 5 0.051
3.336 0 9 10 6 0.051
3.387 0 23 3 6 0.055
3.442 0 2 3 6 0.051
3.442 0 1 2 7 0.051
3.442 0 20 1 8 0.051
3.442 0 58 20 9 0.0
3.493 0 18 3 6 0.054
3.493 0 17 18 7 0.054
3.493 0 16 17 8 0.054
3.547 0 2 3 6 0.053
3.547 0 1 2 7 0.053
3.547 0 22 1 8 0.053
3.547 0 16 22 9 0.053
3.387 0 3 4 5 0.265
3.6 0 18 3 6 0.052
3.6 0 17 18 7 0.0
3.6 0 21 17 8 0.0
3.6 0 21 21 9 0.0
3.6 0 16 21 10 0.0
3.652 0 14 15 5 0.052
3.652 0 13 14 6 0.052
3.704 0 23 3 6 0.054
3.758 0 2 3 6 0.052
3.758 0 1 2 7 0.052
3.758 0 22 1 8 0.052
3.758 0 16 22 9 0.052
3.81 0 18 3 6 0.055
3.81 0 27 18 7 0.055
3.81 0 26 27 8 0.055
3.81 0 29 26 9 0.055
3.81 0 28 29 10 0.0
3.865 0 1 2 7 0.0
3.865 0 22 1 8 0.0
3.865 0 16 22 9 0.0
3.865 0 70 3 6 0.106
3.971 0 18 3 6 0.107
3.971 0 78 18 7 0.107
4.078 0 16 22 9 0.053
4.078 0 2 3 6 0.107
4.078 0 1 2 7 0.107
4.078 0 20 1 8 0.107
4.131 0 26 20 9 0.054
4.131 0 19 26 10 0.0
4.185 0 26 27 8 0.0
4.185 0 58 26 9 0.0
4.185 0 18 3 6 0.158
4.185 0 17 18 7 0.158
4.292 0 16 17 8 0.05
4.343 0 19 20 9 0.0
4.343 0 2 3 6 0.104
4.343 0 1 2 7 0.104
4.343 0 33 1 8 0.104
4.447 0 18 3 6 0.051
4.447 0 17 18 7 0.051
4.447 0 16 17 8 0.051
4.498 0 2 3 6 0.053
4.498 0 1 2 7 0.053
4.498 0 22 1 8 0.053
4.498 0 21 22 9 0.053
4.498 0 21 21 10 0.053
4.498 0 21 21 11 0.0
4.498 0 16 21 12 0.0
4.552 0 18 3 6 0.052
4.552 0 27 18 7 0.052
4.552 0 26 27 8 0.052
4.552 0 29 26 9 0.052
4.552 0 28 29 10 0.0
4.656 0 21 21 10 0.0
4.656 0 16 21 11 0.0
4.603 0 2 3 6 0.159
4.603 0 1 2 7 0.159
4.603 0 22 1 8 0.159
4.603 0 16 22 9 0.105
4.762 0 18 3 6 0.052
4.762 0 17 18 7 0.052
4.762 0 16 17 8 0.052
4.814 0 33 1 8 0.054
3.704 0 3 4 5 1.269
4.814 0 2 3 6 0.159
4.814 0 59 2 7 0.105
4.973 0 10 11 5 0.052
4.973 0 66 10 6 0.052
5.025 0 16 22 9 0.051
5.025 0 20 1 8 0.051
5.077 0 26 20 9 0.0
5.077 0 26 26 10 0.0
5.077 0 19 26 11 0.0
2.973 0 4 5 4 2.262
5.025 0 3 4 5 0.209
5.025 0 2 3 6 0.157
5.025 0 1 2 7 0.157
5.183 0 22 1 8 0.0
5.183 0 16 22 9 0.0
5.235 0 62 57 4 0.052
5.235 0 61 62 5 0.052
5.286 0 18 3 6 0.055
5.286 0 27 18 7 0.055
5.286 0 26 27 8 0.0
5.286 0 26 26 9 0.0
5.286 0 26 26 10 0.0
5.286 0 26 26 11 0.0
5.286 0 26 26 12 0.0
5.286 0 19 26 13 0.0
5.341 0 2 3 6 0.051
5.341 0 39 2 7 0.051
5.392 0 16 17 8 0.0
5.392 0 18 3 6 0.102
5.392 0 51 18 7 0.102
5.494 0 2 3 6 0.053
5.494 0 1 2 7 0.053
5.494 0 42 1 8 0.0
5.494 0 30 42 9 0.0
5.547 0 18 3 6 0.156
5.547 0 17 18 7 0.156
5.598 0 16 17 8 0.104
5.702 0 2 3 6 0.053
5.702 0 1 2 7 0.053
5.702 0 33 1 8 0.0
5.755 0 18 3 6 0.105
5.755 0 51 18 7 0.105
5.286 0 3 4 5 0.625
5.861 0 2 3 6 0.051
5.861 0 1 2 7 0.051
5.861 0 22 1 8 0.0
5.861 0 21 22 9 0.0
5.861 0 21 21 10 0.0
5.861 0 21 21 11 0.0
5.861 0 21 21 12 0.0
5.861 0 16 21 13 0.0
5.911 0 36 11 5 0.051
5.911 0 35 36 6 0.051
5.911 0 34 35 7 0.051
5.963 0 2 3 6 0.053
5.963 0 1 2 7 0.053
5.963 0 12 1 8 0.053
6.016 0 18 3 6 0.051
6.016 0 74 18 7 0.051
6.016 0 77 74 8 0.051
6.067 0 21 22 9 0.051
6.119 0 16 21 10 0.0
6.067 0 2 3 6 0.267
6.067 0 1 2 7 0.267
6.067 0 20 1 8 0.216
6.225 0 26 20 9 0.058
6.225 0 26 26 10 0.058
6.225 0 26 26 11 0.058
6.225 0 26 26 12 0.058
6.225 0 26 26 13 0.058
6.284 0 26 26 14 0.0
6.284 0 26 26 15 0.0
6.284 0 26 26 16 0.0
6.284 0 26 26 17 0.0
6.284 0 26 26 18 0.0
6.284 0 26 26 19 0.0
6.284 0 26 26 20 0.0
6.284 0 26 26 21 0.0
6.284 0 25 26 22 0.0
6.284 0 21 25 23 0.0
6.284 0 16 21 24 0.0
6.334 0 24 18 7 0.053
6.387 0 54 45 7 0.052
6.387 0 52 54 8 0.0
6.334 0 18 3 6 0.158
6.438 0 24 18 7 0.054
6.492 0 16 22 9 0.0
6.492 0 33 1 8 0.052
6.492 0 2 3 6 0.266
6.492 0 1 2 7 0.266
6.65 0 22 1 8 0.054
6.65 0 21 22 9 0.054
6.704 0 16 21 10 0.0
6.758 0 18 3 6 0.104
6.758 0 17 18 7 0.104
6.811 0 16 17 8 0.051
6.862 0 2 3 6 0.103
6.862 0 1 2 7 0.103
6.862 0 22 1 8 0.103
6.862 0 16 22 9 0.103
6.965 0 18 3 6 0.053
6.965 0 27 18 7 0.053
6.965 0 26 27 8 0.053
6.965 0 26 26 9 0.0
6.965 0 26 26 10 0.0
6.965 0 26 26 11 0.0
6.965 0 26 26 12 0.0
6.965 0 26 26 13 0.0
6.965 0 19 26 14 0.0
7.071 0 21 22 9 0.0
7.071 0 21 21 10 0.0
7.071 0 16 21 11 0.0
5.963 0 3 4 5 1.215
7.018 0 2 3 6 0.159
7.018 0 1 2 7 0.159
7.018 0 33 1 8 0.107
7.177 0 36 11 5 0.051
7.177 0 35 36 6 0.051
7.177 0 76 35 7 0.051
7.282 0 69 41 9 0.0
5.286 0 4 5 4 2.102
7.228 0 3 4 5 0.16
7.228 0 2 3 6 0.106
7.228 0 1 2 7 0.106
7.228 0 12 1 8 0.106
7.388 0 62 57 4 0.054
7.388 0 75 62 5 0.054
7.442 0 18 3 6 0.05
7.442 0 51 18 7 0.05
7.492 0 33 1 8 0.0
7.598 0 52 53 8 0.055
7.758 0 58 20 9 0.053
7.492 0 2 3 6 0.371
7.492 0 1 2 7 0.371
7.652 0 22 1 8 0.211
7.811 0 21 22 9 0.0
7.811 0 16 21 10 0.0
7.863 0 18 3 6 0.053
7.863 0 74 18 7 0.053
7.863 0 73 74 8 0.053
7.916 0 2 3 6 0.102
7.916 0 1 2 7 0.102
7.916 0 22 1 8 0.051
7.967 0 21 22 9 0.0
7.967 0 16 21 10 0.0
8.018 0 44 45 7 0.0
8.018 0 18 3 6 0.162
8.125 0 27 18 7 0.055
8.125 0 25 27 8 0.055
8.125 0 21 25 9 0.055
8.125 0 16 21 10 0.055
8.18 0 21 22 9 0.0
8.18 0 21 21 10 0.0
8.18 0 21 21 11 0.0
8.18 0 16 21 12 0.0
8.18 0 2 3 6 0.101
8.18 0 1 2 7 0.101
8.18 0 33 1 8 0.101
8.281 0 27 18 7 0.052
8.281 0 58 27 8 0.052
8.281 0 45 3 6 0.106
8.333 0 54 45 7 0.054
8.333 0 52 54 8 0.054
7.442 0 4 5 4 1.0
7.442 0 3 4 5 0.946
8.388 0 2 3 6 0.0
8.388 0 1 2 7 0.0
8.388 0 20 1 8 0.0
8.388 0 25 20 9 0.0
8.388 0 16 25 10 0.0
8.442 0 71 72 4 0.05
8.492 0 2 3 6 0.053
8.492 0 1 2 7 0.053
8.492 0 22 1 8 0.053
8.492 0 16 22 9 0.0
8.545 0 18 3 6 0.051
8.545 0 17 18 7 0.051
8.545 0 16 17 8 0.051
8.597 0 21 21 10 0.0
8.597 0 21 21 11 0.0
8.597 0 21 21 12 0.0
8.597 0 16 21 13 0.0
8.597 0 16 22 9 0.052
8.597 0 1 2 7 0.215
8.597 0 20 1 8 0.215
8.811 0 25 20 9 0.0
8.811 0 16 25 10 0.0
8.597 0 70 3 6 0.322
8.918 0 18 3 6 0.055
8.918 0 51 18 7 0.055
8.973 0 2 3 6 0.052
8.973 0 59 2 7 0.052
9.025 0 25 27 8 0.053
9.025 0 16 25 9 0.053
8.492 0 3 4 5 0.64
9.025 0 18 3 6 0.106
9.025 0 17 18 7 0.053
9.079 0 21 17 8 0.0
9.079 0 16 21 9 0.0
9.132 0 10 11 5 0.051
9.132 0 66 10 6 0.051
9.183 0 18 3 6 0.05
9.183 0 17 18 7 0.05
9.183 0 21 17 8 0.05
9.183 0 21 21 9 0.0
9.183 0 16 21 10 0.0
9.233 0 52 53 8 0.054
9.233 0 2 3 6 0.109
9.233 0 1 2 7 0.109
9.287 0 41 1 8 0.055
9.287 0 69 41 9 0.055
9.342 0 32 27 8 0.051
9.342 0 30 32 9 0.0
9.342 0 18 3 6 0.105
9.342 0 31 18 7 0.105
9.393 0 30 31 8 0.054
9.447 0 2 3 6 0.107
9.447 0 1 2 7 0.107
9.447 0 33 1 8 0.107
9.554 0 21 17 8 0.0
9.554 0 16 21 9 0.0
9.554 0 24 18 7 0.106
9.66 0 68 45 7 0.05
9.554 0 18 3 6 0.208
9.71 0 17 18 7 0.051
9.71 0 21 17 8 0.051
9.71 0 16 21 9 0.051
9.761 0 16 22 9 0.051
9.812 0 30 42 9 0.053
9.865 0 26 20 9 0.054
9.865 0 26 26 10 0.0
9.865 0 26 26 11 0.0
9.865 0 25 26 12 0.0
9.865 0 16 25 13 0.0
9.919 0 16 22 9 0.0
10.025 0 16 25 10 0.0
10.025 0 19 20 9 0.053
9.761 0 2 3 6 0.476
9.761 0 1 2 7 0.476
9.761 0 41 1 8 0.476
10.186 0 40 41 9 0.0
10.237 0 18 3 6 0.055
10.237 0 17 18 7 0.055
10.237 0 16 17 8 0.055
10.292 0 52 63 8 0.053
8.492 0 4 5 4 1.957
9.183 0 3 4 5 1.267
10.292 0 2 3 6 0.106
10.292 0 39 2 7 0.106
10.45 0 62 57 4 0.053
10.45 0 67 62 5 0.053
10.502 0 26 20 9 0.0
10.502 0 58 26 10 0.0
10.502 0 2 3 6 0.107
10.502 0 1 2 7 0.107
10.502 0 12 1 8 0.052
10.609 0 18 3 6 0.053
10.609 0 38 18 7 0.053
10.662 0 2 3 6 0.051
10.662 0 1 2 7 0.051
10.662 0 22 1 8 0.051
10.662 0 21 22 9 0.051
10.662 0 16 21 10 0.051
10.713 0 18 3 6 0.051
10.713 0 27 18 7 0.051
10.713 0 26 27 8 0.051
10.713 0 26 26 9 0.051
10.713 0 26 26 10 0.0
10.713 0 26 26 11 0.0
10.713 0 26 26 12 0.0
10.713 0 58 26 13 0.0
10.764 0 64 65 9 0.054
10.818 0 19 20 9 0.055
10.764 0 1 2 7 0.109
10.764 0 22 1 8 0.109
10.873 0 16 22 9 0.0
10.978 0 52 63 8 0.053
11.031 0 21 22 9 0.051
11.031 0 16 21 10 0.051
11.082 0 25 20 9 0.051
11.082 0 16 25 10 0.0
11.031 0 22 1 8 0.102
11.133 0 16 22 9 0.0
10.764 0 2 3 6 0.475
10.978 0 39 2 7 0.261
11.24 0 16 17 8 0.0
11.24 0 18 3 6 0.104
11.24 0 38 18 7 0.104
10.502 0 3 4 5 0.945
11.343 0 2 3 6 0.104
11.343 0 1 2 7 0.053
11.343 0 33 1 8 0.053
11.447 0 10 11 5 0.051
11.447 0 66 10 6 0.051
11.498 0 18 3 6 0.051
11.498 0 27 18 7 0.051
11.498 0 25 27 8 0.051
11.498 0 16 25 9 0.051
11.498 0 3 4 5 0.101
11.549 0 2 3 6 0.05
11.549 0 1 2 7 0.0
11.549 0 22 1 8 0.0
11.549 0 21 22 9 0.0
11.549 0 16 21 10 0.0
11.599 0 10 11 5 0.05
11.599 0 66 10 6 0.05
11.649 0 54 45 7 0.051
11.649 0 52 54 8 0.051
11.649 0 3 4 5 0.106
11.649 0 18 3 6 0.106
11.7 0 17 18 7 0.0
11.7 0 16 17 8 0.0
11.756 0 10 11 5 0.053
11.756 0 9 10 6 0.053
11.809 0 26 20 9 0.0
11.809 0 26 26 10 0.0
11.809 0 26 26 11 0.0
11.809 0 26 26 12 0.0
11.809 0 58 26 13 0.0
11.809 0 3 4 5 0.105
11.809 0 2 3 6 0.105
11.809 0 1 2 7 0.054
11.809 0 33 1 8 0.054
11.914 0 36 11 5 0.054
11.914 0 60 36 6 0.054
11.967 0 18 3 6 0.055
11.967 0 31 18 7 0.055
11.967 0 30 31 8 0.055
12.022 0 26 20 9 0.053
12.022 0 25 26 10 0.0
12.022 0 16 25 11 0.0
12.022 0 65 1 8 0.106
12.075 0 64 65 9 0.0
12.129 0 52 53 8 0.053
12.182 0 26 20 9 0.05
12.182 0 26 26 10 0.05
12.182 0 26 26 11 0.05
12.182 0 26 26 12 0.0
12.182 0 25 26 13 0.0
12.182 0 21 25 14 0.0
12.182 0 21 21 15 0.0
12.182 0 16 21 16 0.0
12.022 0 2 3 6 0.262
12.022 0 1 2 7 0.209
12.182 0 22 1 8 0.05
12.232 0 21 22 9 0.0
12.232 0 21 21 10 0.0
12.232 0 16 21 11 0.0
12.284 0 23 3 6 0.055
12.339 0 2 3 6 0.053
12.339 0 1 2 7 0.053
12.339 0 12 1 8 0.053
12.392 0 18 3 6 0.05
12.392 0 27 18 7 0.05
12.392 0 19 27 8 0.05
12.442 0 16 25 10 0.0
12.442 0 19 20 9 0.105
12.442 0 22 1 8 0.157
12.547 0 16 22 9 0.0
10.502 0 4 5 4 2.149
11.967 0 3 4 5 0.684
12.442 0 2 3 6 0.157
12.442 0 63 2 7 0.157
12.599 0 52 63 8 0.0
12.651 0 62 57 4 0.05
12.651 0 61 62 5 0.05
12.702 0 18 3 6 0.051
12.702 0 24 18 7 0.051
12.752 0 22 1 8 0.0
12.752 0 21 22 9 0.0
12.752 0 21 21 10 0.0
12.752 0 16 21 11 0.0
12.702 0 3 4 5 0.157
12.752 0 2 3 6 0.106
12.752 0 39 2 7 0.051
12.859 0 36 11 5 0.053
12.859 0 60 36 6 0.053
12.911 0 41 1 8 0.0
12.911 0 40 41 9 0.0
12.911 0 3 4 5 0.106
12.911 0 2 3 6 0.106
12.911 0 59 2 7 0.055
13.017 0 10 11 5 0.054
13.017 0 9 10 6 0.054
13.125 0 21 22 9 0.053
13.125 0 16 21 10 0.053
13.178 0 26 20 9 0.0
13.178 0 26 26 10 0.0
13.178 0 26 26 11 0.0
13.178 0 25 26 12 0.0
13.178 0 16 25 13 0.0
13.071 0 33 1 8 0.158
13.071 0 2 3 6 0.416
13.071 0 1 2 7 0.416
13.331 0 20 1 8 0.106
13.436 0 26 20 9 0.0
13.436 0 26 26 10 0.0
13.436 0 26 26 11 0.0
13.436 0 26 26 12 0.0
13.436 0 58 26 13 0.0
13.071 0 3 4 5 0.471
13.487 0 45 3 6 0.055
13.487 0 44 45 7 0.055
13.542 0 36 11 5 0.106
13.542 0 35 36 6 0.106
13.542 0 34 35 7 0.106
13.649 0 2 3 6 0.154
13.649 0 1 2 7 0.154
13.649 0 22 1 8 0.154
13.649 0 16 22 9 0.104
13.802 0 17 18 7 0.0
13.802 0 16 17 8 0.0
13.802 0 23 3 6 0.108
12.702 0 4 5 4 1.263
13.649 0 3 4 5 0.316
13.911 0 2 3 6 0.0
13.911 0 1 2 7 0.0
13.911 0 22 1 8 0.0
13.911 0 16 22 9 0.0
13.964 0 56 57 4 0.052
13.964 0 55 56 5 0.052
14.017 0 2 3 6 0.055
14.017 0 1 2 7 0.055
14.017 0 12 1 8 0.0
14.179 0 19 27 8 0.0
14.072 0 51 18 7 0.16
14.072 0 23 3 6 0.262
14.334 0 2 3 6 0.055
14.334 0 39 2 7 0.055
14.388 0 45 3 6 0.054
14.388 0 54 45 7 0.054
14.388 0 52 54 8 0.054
14.442 0 25 20 9 0.052
14.442 0 21 25 10 0.0
14.442 0 16 21 11 0.0
14.442 0 2 3 6 0.105
14.442 0 1 2 7 0.105
14.442 0 22 1 8 0.052
14.494 0 16 22 9 0.0
14.547 0 27 18 7 0.05
14.597 0 26 27 8 0.0
14.597 0 32 26 9 0.0
14.597 0 30 32 10 0.0
14.547 0 23 3 6 0.155
14.701 0 22 1 8 0.053
14.701 0 21 22 9 0.0
14.701 0 21 21 10 0.0
14.701 0 16 21 11 0.0
14.754 0 52 53 8 0.055
14.701 0 2 3 6 0.213
14.701 0 1 2 7 0.213
14.809 0 20 1 8 0.053
14.861 0 26 20 9 0.0
14.861 0 19 26 10 0.0
14.914 0 18 3 6 0.054
14.914 0 51 18 7 0.054
14.017 0 4 5 4 1.059
14.017 0 3 4 5 1.059
14.968 0 2 3 6 0.107
14.968 0 1 2 7 0.107
14.968 0 41 1 8 0.053
15.021 0 40 41 9 0.0
15.075 0 49 50 4 0.052
15.075 0 48 49 5 0.052
15.075 0 47 48 6 0.052
15.075 0 46 47 7 0.052
15.127 0 2 3 6 0.051
15.127 0 1 2 7 0.051
15.127 0 33 1 8 0.0
15.178 0 44 45 7 0.053
15.178 0 18 3 6 0.106
15.231 0 31 18 7 0.053
15.231 0 30 31 8 0.053
15.284 0 2 3 6 0.053
15.284 0 1 2 7 0.053
15.284 0 43 1 8 0.053
15.337 0 18 3 6 0.107
15.337 0 17 18 7 0.055
15.337 0 16 17 8 0.055
15.498 0 42 1 8 0.0
15.498 0 30 42 9 0.0
15.444 0 2 3 6 0.207
15.498 0 1 2 7 0.153
15.6 0 41 1 8 0.051
15.6 0 40 41 9 0.051
15.651 0 26 27 8 0.0
15.651 0 26 26 9 0.0
15.651 0 26 26 10 0.0
15.651 0 26 26 11 0.0
15.651 0 26 26 12 0.0
15.651 0 26 26 13 0.0
15.651 0 26 26 14 0.0
15.651 0 26 26 15 0.0
15.651 0 19 26 16 0.0
15.651 0 18 3 6 0.107
15.651 0 38 18 7 0.107
15.758 0 2 3 6 0.055
15.758 0 39 2 7 0.055
15.127 0 3 4 5 0.742
15.813 0 18 3 6 0.055
15.813 0 17 18 7 0.0
15.813 0 16 17 8 0.0
15.868 0 14 15 5 0.052
15.868 0 13 14 6 0.052
15.92 0 16 17 8 0.0
15.92 0 18 3 6 0.158
15.92 0 38 18 7 0.158
16.078 0 2 3 6 0.109
16.078 0 1 2 7 0.055
16.078 0 12 1 8 0.055
16.187 0 18 3 6 0.109
16.242 0 38 18 7 0.054
16.296 0 2 3 6 0.05
16.296 0 1 2 7 0.05
16.296 0 22 1 8 0.05
16.296 0 16 22 9 0.05
16.347 0 18 3 6 0.051
16.347 0 27 18 7 0.051
16.347 0 26 27 8 0.0
16.347 0 25 26 9 0.0
16.347 0 21 25 10 0.0
16.347 0 16 21 11 0.0
15.92 0 3 4 5 0.529
16.398 0 2 3 6 0.051
16.398 0 37 2 7 0.051
16.449 0 36 11 5 0.053
16.449 0 35 36 6 0.053
16.449 0 34 35 7 0.053
16.501 0 21 22 9 0.0
16.501 0 21 21 10 0.0
16.501 0 16 21 11 0.0
16.501 0 3 4 5 0.101
16.501 0 2 3 6 0.101
16.501 0 1 2 7 0.101
16.501 0 33 1 8 0.05
16.602 0 14 15 5 0.051
16.602 0 13 14 6 0.051
16.602 0 12 13 7 0.051
16.653 0 2 3 6 0.053
16.653 0 1 2 7 0.053
16.653 0 22 1 8 0.053
16.653 0 21 22 9 0.0
16.653 0 16 21 10 0.0
16.706 0 19 27 8 0.053
16.706 0 18 3 6 0.105
16.706 0 31 18 7 0.105
16.759 0 30 31 8 0.052
16.811 0 2 3 6 0.051
16.811 0 1 2 7 0.051
16.811 0 20 1 8 0.0
16.811 0 32 20 9 0.0
16.811 0 30 32 10 0.0
16.862 0 18 3 6 0.051
16.862 0 24 18 7 0.051
16.913 0 2 3 6 0.053
16.913 0 1 2 7 0.053
16.913 0 22 1 8 0.053
16.913 0 16 22 9 0.0
16.966 0 30 31 8 0.0
16.966 0 18 3 6 0.104
16.966 0 24 18 7 0.104
17.07 0 2 3 6 0.055
17.07 0 1 2 7 0.055
17.07 0 22 1 8 0.055
17.07 0 21 22 9 0.0
17.07 0 16 21 10 0.0
17.125 0 18 3 6 0.053
17.125 0 31 18 7 0.053
17.125 0 30 31 8 0.053
17.178 0 2 3 6 0.051
17.178 0 1 2 7 0.051
17.178 0 22 1 8 0.051
17.178 0 16 22 9 0.051
17.23 0 28 29 10 0.051
17.23 0 18 3 6 0.105
17.23 0 27 18 7 0.105
17.23 0 26 27 8 0.105
17.23 0 26 26 9 0.051
17.281 0 26 26 10 0.0
17.281 0 26 26 11 0.0
17.281 0 25 26 12 0.0
17.281 0 21 25 13 0.0
17.281 0 21 21 14 0.0
17.281 0 16 21 15 0.0
17.335 0 2 3 6 0.107
17.335 0 1 2 7 0.107
17.335 0 22 1 8 0.052
17.387 0 21 22 9 0.0
17.387 0 21 21 10 0.0
17.387 0 16 21 11 0.0
17.442 0 24 18 7 0.0
17.442 0 23 3 6 0.105
16.653 0 3 4 5 0.996
17.547 0 2 3 6 0.102
17.599 0 1 2 7 0.0
17.599 0 22 1 8 0.0
17.599 0 16 22 9 0.0
17.649 0 10 11 5 0.051
17.649 0 9 10 6 0.051
17.7 0 2 3 6 0.05
17.7 0 1 2 7 0.05
17.7 0 22 1 8 0.05
17.7 0 21 22 9 0.0
17.7 0 21 21 10 0.0
17.7 0 16 21 11 0.0
17.751 0 18 3 6 0.051
17.751 0 17 18 7 0.051
17.751 0 16 17 8 0.051
17.802 0 2 3 6 0.052
17.802 0 1 2 7 0.052
17.802 0 20 1 8 0.052
17.802 0 19 20 9 0.0
17.7 0 3 4 5 0.204
17.853 0 18 3 6 0.051
17.853 0 17 18 7 0.051
17.853 0 16 17 8 0.0
17.904 0 14 15 5 0.054
17.904 0 13 14 6 0.054
17.904 0 12 13 7 0.0
17.959 0 10 11 5 0.052
17.959 0 9 10 6 0.052
0.054 0 8 0 0 17.957
0.054 0 7 8 1 17.957
0.054 0 6 7 2 17.957
0.054 0 5 6 3 17.957
15.127 0 4 5 4 2.884
18.011 0 3 4 5 0.0
18.011 0 2 3 6 0.0
18.011 0 1 2 7 0.0
18.011 0 0 1 8 0.0