# 10 252 Symbols
81 0 18370560 34359738368 5746528256 184
99 0 19910656 34359738368 5746528256 184
100 4 20033536 34359738368 5746528256 184
99 0 20164608 34359738368 5746528256 184
100 0 20475904 34359738368 5523873792 184
90 0 20553728 34359738368 5523873792 184
99 0 20664320 34359738368 5523873792 184
95 0 20774912 34359738368 5523873792 184
99 0 21094400 34359738368 5523873792 184
99 0 21229568 34359738368 5523873792 184
99 0 21348352 34359738368 5523873792 184
99 4 21663744 34359738368 5523873792 184
100 3 21811200 34359738368 5523873792 184
100 0 22147072 34359738368 5523873792 184
99 0 22274048 34359738368 5443706880 184
99 0 22429696 34359738368 5443706880 184
99 0 22716416 34359738368 5443706880 184
99 0 22843392 34359738368 5443706880 184
100 0 22962176 34359738368 5443706880 184
100 0 23076864 34359738368 5443706880 184
99 0 23076864 34359738368 5443706880 184
99 4 23080960 34359738368 5443706880 184
99 0 23089152 34359738368 5443706880 184
99 0 23089152 34359738368 4024307712 184
99 0 23093248 34359738368 3995426816 184
100 0 23101440 34359738368 3995426816 184
84 0 23105536 34359738368 3995426816 184
89 0 23117824 34359738368 3995426816 184
99 0 23138304 34359738368 3995426816 184
99 5 23146496 34359738368 3995426816 184
99 4 23150592 34359738368 3995426816 184
97 0 23171072 34359738368 2731454464 184
97 0 23191552 34359738368 2712887296 184
100 0 23273472 34359738368 2712887296 184
99 0 23318528 34359738368 2712887296 184
99 0 23371776 34359738368 2712887296 184
100 0 23453696 34359738368 2712887296 184
99 0 23695360 34359738368 2712887296 184
97 4 23719936 34359738368 2712887296 184
99 0 23719936 34359738368 2712887296 184
98 0 23719936 34359738368 2712887296 184
99 0 23719936 34359738368 1280671744 184
99 0 23719936 34359738368 1226231808 184
100 4 23719936 34359738368 1226231808 184
100 0 23719936 34359738368 1226231808 184
100 0 23724032 34359738368 22450176 184
100 0 23732224 34359738368 5373952 184
100 0 23736320 34359738368 5373952 184
100 0 23789568 34359738368 5373952 184
99 0 23957504 34359738368 5373952 184
100 0 24002560 34359738368 5373952 184
99 0 24023040 34359738368 5373952 184
99 3 24121344 34359738368 5373952 184
100 0 24211456 34359738368 5373952 184
100 0 24211456 34359738368 29143040 184
100 0 24211456 34359738368 29278208 184
100 0 24219648 34359738368 29278208 184
99 0 24219648 34359738368 29278208 184
100 3 24219648 34359738368 29278208 184
99 3 24219648 34359738368 29278208 184
99 0 24248320 34359738368 29278208 184
100 0 24248320 34359738368 10432512 184
100 0 24305664 34359738368 4227072 184
100 0 24469504 34359738368 4227072 184
97 0 24494080 34359738368 4227072 184
99 0 24518656 34359738368 4227072 184
99 0 24678400 34359738368 4227072 184
99 0 24723456 34359738368 4227072 184
100 3 24764416 34359738368 4227072 184
100 2 24764416 34359738368 4227072 184
100 0 24764416 34359738368 3893358592 184
100 0 24764416 34359738368 4229349376 184
100 2 24764416 34359738368 4229349376 184
100 2 24813568 34359738368 4229349376 184
100 0 24817664 34359738368 7138304000 184
100 0 24850432 34359738368 7138304000 184
100 0 25079808 34359738368 7138304000 184
100 0 25169920 34359738368 7138304000 184
100 0 25395200 34359738368 7138304000 184
100 1 25395200 34359738368 7138304000 184
100 4 25395200 34359738368 7138304000 184
100 0 25403392 34359738368 7115587584 184
100 0 25403392 34359738368 7123791872 184
100 0 25440256 34359738368 7123791872 184
100 0 25456640 34359738368 7123791872 184
100 0 25481216 34359738368 7123791872 184
100 1 25522176 34359738368 7123791872 184
100 0 25763840 34359738368 7123791872 184
100 0 25853952 34359738368 6940512256 184
99 0 25919488 34359738368 6737694720 184
91 0 25919488 34359738368 6737694720 184
96 2 25919488 34359738368 6737694720 184
100 2 25919488 34359738368 6737694720 184
100 0 25919488 34359738368 6737694720 184
100 0 25919488 34359738368 5161865216 184
100 0 25919488 34359738368 5067042816 184
100 0 25968640 34359738368 5067042816 184
100 0 26038272 34359738368 5067042816 184
100 0 26267648 34359738368 5067042816 184
83 0 26284032 34359738368 5067042816 184
57 2 26300416 34359738368 5067042816 184
100 2 26300416 34359738368 5067042816 184
100 0 26300416 34359738368 5067042816 184
100 0 26300416 34359738368 3803901952 184
100 0 26308608 34359738368 3803901952 184
100 2 26308608 34359738368 3803901952 184
100 0 26308608 34359738368 2074054656 184
100 2 26308608 34359738368 1952968704 184
100 1 26308608 34359738368 1952968704 184
100 0 26308608 34359738368 1952968704 184
100 0 26308608 34359738368 155537408 184
100 0 26316800 34359738368 155537408 184
100 0 26324992 34359738368 155537408 184
100 2 26333184 34359738368 155537408 184
100 0 26333184 34359738368 155537408 184
100 0 26333184 34359738368 3120541696 184
100 0 26333184 34359738368 3705540608 184
100 2 26333184 34359738368 3705540608 184
100 1 26333184 34359738368 3705540608 184
100 0 26333184 34359738368 7116251136 184
100 1 26386432 34359738368 7116251136 184
100 2 26386432 34359738368 7116251136 184
100 0 26386432 34359738368 7096287232 184
100 0 26386432 34359738368 7113232384 184
100 0 26398720 34359738368 7113232384 184
100 0 26402816 34359738368 7113232384 184
100 2 26439680 34359738368 7113232384 184
100 3 26464256 34359738368 7113232384 184
100 0 26566656 34359738368 7113232384 184
100 0 26595328 34359738368 6879739904 184
100 0 26611712 34359738368 6731730944 184
100 0 26664960 34359738368 6731730944 184
100 2 26664960 34359738368 6731730944 184
100 1 26664960 34359738368 6731730944 184
100 0 26664960 34359738368 4957134848 184
100 0 26673152 34359738368 4976238592 184
100 0 26718208 34359738368 4976238592 184
100 0 26722304 34359738368 4976238592 184
100 1 26779648 34359738368 4976238592 184
100 1 26808320 34359738368 4976238592 184
100 0 26808320 34359738368 4976238592 184
100 0 26808320 34359738368 3253792768 184
100 1 26841088 34359738368 3253792768 184
100 2 26890240 34359738368 3253792768 184
100 2 26906624 34359738368 1519448064 184
100 0 26939392 34359738368 1519939584 184
100 0 27090944 34359738368 1519939584 184
100 1 27127808 34359738368 1519939584 184
100 0 27127808 34359738368 1519939584 184
100 0 27136000 34359738368 1519939584 184
100 0 27136000 34359738368 484073472 184
100 0 27136000 34359738368 963846144 184
100 0 27136000 34359738368 1444261888 184
100 0 27148288 34359738368 1444261888 184
100 2 27209728 34359738368 1444261888 184
100 2 27217920 34359738368 1444261888 184
100 2 27242496 34359738368 1444261888 184
100 1 27381760 34359738368 5400690688 184
100 0 27381760 34359738368 5760294912 184
100 0 27381760 34359738368 6359154688 184
100 0 27385856 34359738368 6359154688 184
100 0 27447296 34359738368 6359154688 184
100 1 27447296 34359738368 6359154688 184
100 0 27484160 34359738368 6359154688 184
100 0 27508736 34359738368 6359154688 184
100 0 27516928 34359738368 7129866240 184
100 0 27635712 34359738368 7129907200 184
100 0 27643904 34359738368 7129907200 184
100 0 27869184 34359738368 7129907200 184
100 0 27881472 34359738368 7129907200 184
100 0 27918336 34359738368 7129907200 184
100 1 27934720 34359738368 7129907200 184
100 0 27934720 34359738368 7129907200 184
100 0 27934720 34359738368 7499620352 184
99 0 27934720 34359738368 8620318720 184
100 0 27934720 34359738368 8620318720 184
100 0 27975680 34359738368 8620318720 184
100 0 28106752 34359738368 8620318720 184
100 1 28147712 34359738368 8620318720 184
100 1 28286976 34359738368 8620318720 184
100 0 28323840 34359738368 8620318720 184
100 0 28372992 34359738368 9202413568 184
100 0 28532736 34359738368 9204989952 184
100 0 28532736 34359738368 9205084160 184
100 1 28532736 34359738368 9205084160 184
100 0 28557312 34359738368 9205084160 184
100 0 28606464 34359738368 9199685632 184
100 0 28626944 34359738368 9199685632 184
100 0 28647424 34359738368 9199685632 184
100 0 28745728 34359738368 9199685632 184
100 0 28798976 34359738368 9199685632 184
100 0 28868608 34359738368 9199685632 184
99 0 28930048 34359738368 9199685632 184
100 1 28930048 34359738368 9199685632 184
100 0 28930048 34359738368 9199685632 184
100 0 28934144 34359738368 9205207040 184
100 0 28934144 34359738368 9205293056 184
100 0 28934144 34359738368 9205329920 184
100 0 28946432 34359738368 9205329920 184
## Command line\n/Library/Frameworks/Python.framework/Versions/3.10/bin/python3 examples/go.py\n## Environment\n - TERM_PROGRAM: vscode\n - TERM: xterm-256color\n - SHELL: /bin/zsh\n - TMPDIR: /var/folders/mv/__z7_p816qg_qwf3js5gb5w00000gn/T/\n - TERM_PROGRAM_VERSION: 1.80.1\n - ZDOTDIR: /Users/laffra\n - ORIGINAL_XDG_CURRENT_DESKTOP: undefined\n - MallocNanoZone: 0\n - USER: laffra\n - COMMAND_MODE: unix2003\n - SSH_AUTH_SOCK: /private/tmp/com.apple.launchd.qVSzDUlJcZ/Listeners\n - __CF_USER_TEXT_ENCODING: 0x1F5:0x0:0x0\n - PATH: /Library/Frameworks/Python.framework/Versions/3.10/bin:/Library/Frameworks/Python.framework/Versions/3.11/bin:/usr/local/bin:/System/Cryptexes/App/usr/bin:/usr/bin:/bin:/usr/sbin:/sbin:/var/run/com.apple.security.cryptexd/codex.system/bootstrap/usr/local/bin:/var/run/com.apple.security.cryptexd/codex.system/bootstrap/usr/bin:/var/run/com.apple.security.cryptexd/codex.system/bootstrap/usr/appleinternal/bin:/Library/Frameworks/Python.framework/Versions/3.10/bin:/Library/Frameworks/Python.framework/Versions/3.11/bin:/Users/laffra/.cargo/bin\n - USER_ZDOTDIR: /Users/laffra\n - __CFBundleIdentifier: com.microsoft.VSCode\n - PWD: /Users/laffra/dev/micrologai/microlog\n - LANG: en_US.UTF-8\n - VSCODE_GIT_ASKPASS_EXTRA_ARGS: --ms-enable-electron-run-as-node\n - XPC_FLAGS: 0x0\n - XPC_SERVICE_NAME: 0\n - VSCODE_INJECTION: 1\n - SHLVL: 2\n - HOME: /Users/laffra\n - VSCODE_GIT_ASKPASS_MAIN: /Applications/Visual Studio Code.app/Contents/Resources/app/extensions/git/dist/askpass-main.js\n - LOGNAME: laffra\n - VSCODE_GIT_IPC_HANDLE: /var/folders/mv/__z7_p816qg_qwf3js5gb5w00000gn/T/vscode-git-5ea1f84a0f.sock\n - VSCODE_GIT_ASKPASS_NODE: /Applications/Visual Studio Code.app/Contents/Frameworks/Code Helper (Plugin).app/Contents/MacOS/Code Helper (Plugin)\n - GIT_ASKPASS: /Applications/Visual Studio Code.app/Contents/Resources/app/extensions/git/dist/askpass.sh\n - COLORTERM: truecolor\n - _: /Library/Frameworks/Python.framework/Versions/3.10/bin/python3
30.813750743865967
\n# GC Statistics\nGC ran 215 times for 0.087s (0.3% of 30.823s), averaging 0.000s per collection.\nIn total, 131,762 objects were collected.\n\n
site..<module>
site..main
site..execsitecustomize
/Library/Frameworks/Python.framework/Versions/3.10/lib/python3.10/site.py
importlib._bootstrap.._find_and_load
importlib._bootstrap.._find_and_load_unlocked
importlib._bootstrap.._load_unlocked
_frozen_importlib_external.SourceFileLoader.exec_module
/Library/Frameworks/Python.framework/Versions/3.10/lib/python3.10/importlib/_bootstrap_external.py
importlib._bootstrap.._call_with_frames_removed
/Library/Frameworks/Python.framework/Versions/3.10/lib/python3.10/importlib/_bootstrap.py
sitecustomize..<module>
/Users/laffra/Library/Python/3.10/lib/python/site-packages/sitecustomize.py
__main__.EmptySet.add
examples.go..<listcomp>
random.Random.randrange
random.Random._randbelow_with_getrandbits
/Library/Frameworks/Python.framework/Versions/3.10/lib/python3.10/random.py
__main__.UCTNode.__init__
__main__.Board.score
__main__.Board.__init__
__main__.Square.__init__
__main__.UCTNode.update_path
__main__.UCTNode.best_child
__main__.UCTNode.score
__main__.ZobristHash.dupe
__main__.ZobristHash.add
__main__.EmptySet.set
__main__.Board.useful_fast
__main__.Board.useful_moves
__main__.Board.<listcomp>
__main__.EmptySet.remove
__main__.EmptySet.__init__
__main__.Square.find
__main__.ZobristHash.update
__main__.Board.reset
__main__.ZobristHash.__init__
__main__.Board.move
__main__.Square.move
__main__.Square.remove
examples.go..versus_cpu
examples.go..computer_move
__main__.UCTNode.play
__main__.UCTNode.random_playout
__main__.Board.random_move
__main__.EmptySet.random_choice
__main__.Board.useful
examples.go..<module>
examples.go..main
/Users/laffra/dev/micrologai/microlog/examples/go.py
# 2 Statuses
0.001 251
0.109 250
0.217 249
0.324 248
0.432 247
0.54 246
0.648 245
0.755 244
0.863 243
0.969 242
1.077 241
1.185 240
1.292 239
1.4 238
1.506 237
1.613 236
1.721 235
1.827 234
1.937 233
2.048 232
2.155 231
2.263 230
2.373 229
2.479 228
2.588 227
2.698 226
2.807 226
2.926 225
3.032 224
3.138 223
3.249 222
3.356 221
3.467 220
3.574 219
3.68 218
3.789 217
3.894 216
4.003 215
4.113 214
4.223 213
4.331 212
4.437 211
4.543 210
4.649 209
4.756 207
4.867 207
4.975 207
5.085 207
5.196 207
5.304 208
5.414 207
5.521 206
5.63 205
5.739 204
5.846 203
5.954 202
6.06 201
6.166 200
6.277 199
6.385 198
6.492 198
6.599 197
6.71 196
6.817 194
6.923 195
7.03 195
7.138 194
7.247 193
7.352 192
7.46 191
7.566 190
7.672 189
7.783 188
7.889 187
7.998 186
8.106 185
8.216 184
8.326 183
8.437 182
8.549 181
8.657 180
8.763 180
8.872 180
8.984 180
9.094 180
9.206 180
9.317 179
9.424 179
9.53 178
9.639 177
9.749 176
9.86 175
9.971 174
10.08 173
10.19 173
10.301 172
10.409 172
10.517 171
10.625 170
10.734 169
10.84 169
10.95 169
11.059 168
11.167 167
11.278 166
11.384 165
11.49 164
11.6 163
11.707 158
11.817 158
11.927 158
12.035 158
12.147 162
12.259 161
12.367 160
12.474 159
12.584 158
12.694 157
12.806 156
12.917 155
13.027 154
13.136 153
13.243 152
13.35 151
13.456 150
13.567 149
13.673 148
13.783 148
13.889 148
14.0 148
14.109 147
14.217 147
14.327 147
14.439 146
14.55 146
14.659 145
14.767 142
14.879 142
14.99 142
15.1 142
15.209 142
15.317 142
15.427 144
15.534 143
15.644 142
15.753 141
15.862 140
15.971 139
16.08 139
16.191 139
16.301 139
16.41 139
16.517 138
16.626 137
16.734 136
16.842 135
16.953 135
17.063 135
17.173 135
17.284 135
17.393 135
17.504 134
17.613 134
17.721 133
17.829 132
17.937 132
18.046 132
18.153 132
18.264 132
18.373 132
18.484 132
18.592 131
18.7 130
18.807 130
18.916 129
19.023 128
19.133 128
19.242 128
19.35 127
19.461 126
19.567 125
19.676 124
19.783 123
19.89 122
20.0 121
20.111 120
20.218 120
20.326 120
20.433 120
20.54 120
20.65 119
20.76 119
20.87 118
20.977 117
21.084 116
21.195 116
21.306 116
21.414 115
21.52 114
21.631 113
21.742 112
21.851 111
21.96 110
22.069 110
22.177 110
22.284 110
22.395 110
22.504 110
22.614 110
22.723 109
22.833 108
22.945 107
23.055 106
23.164 105
23.273 103
23.384 103
23.495 103
23.604 103
23.714 104
23.821 103
23.928 102
24.036 101
24.145 100
24.255 99
24.366 98
24.477 98
24.587 98
24.697 97
24.805 96
24.913 95
25.024 94
25.134 93
25.244 92
25.354 92
25.465 92
25.572 91
25.684 90
25.792 89
25.901 88
26.009 87
26.12 86
26.23 85
26.34 84
26.451 83
26.557 82
26.667 81
26.778 80
26.888 79
26.995 79
27.102 78
27.214 77
27.322 76
27.434 76
27.544 75
27.653 74
27.762 73
27.871 72
27.98 71
28.091 70
28.203 69
28.314 68
28.421 68
28.53 68
28.64 68
28.751 68
28.862 67
28.968 67
29.079 66
29.186 65
29.293 64
29.401 63
29.507 62
29.616 61
29.727 60
29.836 59
29.942 58
30.051 57
30.159 57
30.269 56
30.38 55
30.49 54
30.601 54
30.707 54
30.817 54
30.823 53
# 7 CallSites
10 37 11 38
9 46 549 47
8 46 610 48
7 46 617 49
6 39 241 40
5 41 883 42
4 39 688 43
3 39 1006 44
2 39 1027 45
1 0 457 1
0 0 460 2
# 9 Stacks
2 2 3 4 5 6 7 8 9 2 3 4 5 6 10
1 0 1
0 
# 8 Markers
5 0.002 52 2 0.1
3 30.822 51 1 0.1
5 30.86 50 0 0.1
# 7 CallSites
101 46 617 49
100 46 610 48
99 46 549 47
98 39 1027 45
97 39 1006 44
96 39 688 43
95 41 883 42
94 39 241 40
93 37 11 38
92 0 77 10
91 0 124 36
90 0 95 16
89 0 118 4
88 0 218 3
87 0 150 23
86 0 111 4
85 0 165 14
84 0 35 35
83 32 320 34
82 32 245 33
81 0 61 11
80 0 0 30
79 0 196 21
78 0 202 3
77 0 227 3
76 0 198 21
75 0 339 7
74 0 324 31
73 0 83 10
72 0 126 18
71 0 185 12
70 0 72 10
69 0 107 17
68 0 253 30
67 0 46 11
66 0 113 4
65 0 110 4
64 0 372 27
63 0 252 30
62 0 336 7
61 0 108 17
60 0 449 9
59 0 160 29
58 0 160 19
57 0 35 28
56 0 348 7
55 0 383 27
54 0 397 26
53 0 391 25
52 0 153 24
51 0 58 11
50 0 70 11
49 0 151 23
48 0 119 4
47 0 225 3
46 0 127 18
45 0 130 22
44 0 190 12
43 0 68 11
42 0 195 21
41 0 0 10
40 0 84 10
39 0 340 7
38 0 239 20
37 0 239 19
36 0 206 3
35 0 182 12
34 0 128 18
33 0 209 3
32 0 65 11
31 0 169 14
30 0 105 17
29 0 213 3
28 0 142 13
27 0 60 11
26 0 93 16
25 0 216 3
24 0 94 16
23 0 91 16
22 0 230 3
21 0 86 10
20 0 73 10
19 0 50 11
18 0 146 15
17 0 57 11
16 0 217 3
15 0 440 8
14 0 170 14
13 0 137 13
12 0 181 12
11 0 69 11
10 0 85 10
9 0 455 1
8 0 450 9
7 0 442 8
6 0 347 7
5 0 368 6
4 0 193 5
3 0 115 4
2 0 231 3
1 0 460 2
0 0 457 1
# 1 Calls
0.001 0 98 93 0 0.106
0.001 0 97 98 1 0.106
0.001 0 96 97 2 0.106
0.001 0 95 96 3 0.106
0.001 0 94 95 4 0.106
0.001 0 101 94 5 0.106
0.001 0 100 101 6 0.106
0.001 0 99 100 7 0.106
0.001 0 98 99 8 0.106
0.001 0 97 98 9 0.106
0.001 0 96 97 10 0.106
0.001 0 95 96 11 0.106
0.001 0 94 95 12 0.0
0.001 0 93 94 13 0.0
0.107 0 4 5 6 0.11
0.107 0 3 4 7 0.11
0.107 0 25 3 8 0.11
0.107 0 24 25 9 0.11
0.107 0 24 24 10 0.0
0.107 0 23 24 11 0.0
0.217 0 12 5 6 0.107
0.217 0 27 12 7 0.107
0.217 0 24 27 8 0.0
0.217 0 23 24 9 0.0
0.107 0 6 7 4 0.325
0.107 0 5 6 5 0.325
0.324 0 4 5 6 0.109
0.324 0 66 4 7 0.109
0.647 0 5 6 5 0.108
0.647 0 12 5 6 0.108
0.647 0 11 12 7 0.0
0.647 0 21 11 8 0.0
0.647 0 92 21 9 0.0
0.647 0 91 92 10 0.0
0.755 0 64 56 5 0.108
0.755 0 80 64 6 0.108
0.862 0 4 5 6 0.106
0.862 0 66 4 7 0.106
0.969 0 24 27 8 0.0
0.969 0 24 24 9 0.0
0.969 0 26 24 10 0.0
0.969 0 12 5 6 0.216
0.969 0 67 12 7 0.216
1.185 0 24 25 9 0.107
1.185 0 23 24 10 0.107
1.292 0 40 22 9 0.108
1.292 0 24 40 10 0.108
1.292 0 90 24 11 0.0
1.185 0 4 5 6 0.32
1.185 0 3 4 7 0.32
1.185 0 25 3 8 0.215
1.4 0 24 25 9 0.0
1.4 0 23 24 10 0.0
1.505 0 12 5 6 0.107
1.505 0 32 12 7 0.107
1.613 0 4 5 6 0.108
1.613 0 3 4 7 0.0
1.613 0 25 3 8 0.0
1.613 0 24 25 9 0.0
1.613 0 24 24 10 0.0
1.613 0 23 24 11 0.0
1.72 0 12 5 6 0.216
1.827 0 27 12 7 0.11
1.937 0 4 5 6 0.0
1.937 0 3 4 7 0.0
1.937 0 78 3 8 0.0
2.262 0 24 25 9 0.11
2.262 0 23 24 10 0.11
0.647 0 6 7 4 1.725
0.862 0 5 6 5 1.51
2.155 0 4 5 6 0.217
2.155 0 3 4 7 0.217
2.155 0 22 3 8 0.217
2.372 0 40 22 9 0.0
2.372 0 24 40 10 0.0
2.372 0 24 24 11 0.0
2.372 0 23 24 12 0.0
2.587 0 4 5 6 0.11
2.587 0 66 4 7 0.11
2.697 0 12 5 6 0.11
2.697 0 51 12 7 0.11
2.807 0 42 36 9 0.0
2.807 0 3 4 7 0.119
2.807 0 33 3 8 0.119
3.138 0 24 25 9 0.0
3.138 0 24 24 10 0.0
3.138 0 24 24 11 0.0
3.138 0 26 24 12 0.0
2.807 0 4 5 6 0.767
3.138 0 3 4 7 0.436
3.138 0 25 3 8 0.329
3.574 0 35 5 6 0.106
3.574 0 72 35 7 0.106
3.68 0 23 25 9 0.0
3.68 0 4 5 6 0.322
3.68 0 3 4 7 0.214
3.68 0 22 3 8 0.214
3.894 0 40 22 9 0.0
3.894 0 24 40 10 0.0
3.894 0 26 24 11 0.0
4.002 0 44 5 6 0.11
4.113 0 20 22 9 0.11
4.113 0 18 20 10 0.0
4.222 0 23 25 9 0.108
4.33 0 21 22 9 0.0
4.33 0 21 21 10 0.0
4.33 0 21 21 11 0.0
4.33 0 10 21 12 0.0
4.113 0 4 5 6 0.537
4.113 0 3 4 7 0.537
4.113 0 47 3 8 0.43
4.649 0 19 12 7 0.107
4.649 0 35 5 6 0.218
4.756 0 46 35 7 0.111
4.975 0 23 25 9 0.0
4.867 0 4 5 6 0.329
4.867 0 3 4 7 0.329
4.867 0 29 3 8 0.218
5.196 0 12 5 6 0.108
5.196 0 32 12 7 0.0
5.413 0 45 89 8 0.107
5.304 0 4 5 6 0.326
5.413 0 3 4 7 0.217
5.52 0 25 3 8 0.0
5.63 0 12 5 6 0.109
5.63 0 51 12 7 0.109
5.739 0 4 5 6 0.107
5.739 0 3 4 7 0.107
5.739 0 22 3 8 0.0
5.739 0 70 22 9 0.0
5.846 0 12 5 6 0.108
5.846 0 32 12 7 0.108
5.953 0 4 5 6 0.106
5.953 0 66 4 7 0.106
6.059 0 35 5 6 0.106
6.059 0 46 35 7 0.106
2.587 0 5 6 5 3.69
6.165 0 4 5 6 0.112
6.165 0 3 4 7 0.112
6.165 0 88 3 8 0.0
6.277 0 55 56 5 0.108
6.277 0 54 55 6 0.108
6.277 0 53 54 7 0.108
6.385 0 5 6 5 0.107
6.385 0 12 5 6 0.107
6.385 0 27 12 7 0.107
6.385 0 23 27 8 0.0
6.492 0 38 39 5 0.107
6.492 0 37 38 6 0.107
6.492 0 36 37 7 0.107
6.599 0 4 5 6 0.11
6.599 0 3 4 7 0.11
6.599 0 22 3 8 0.11
6.599 0 41 22 9 0.0
6.709 0 87 50 8 0.107
6.709 0 12 5 6 0.213
6.709 0 11 12 7 0.213
6.817 0 20 11 8 0.106
6.923 0 4 5 6 0.107
6.923 0 3 4 7 0.107
6.923 0 2 3 8 0.107
6.923 0 52 2 9 0.107
7.029 0 24 27 8 0.0
7.029 0 24 24 9 0.0
7.029 0 24 24 10 0.0
7.029 0 23 24 11 0.0
7.029 0 17 12 7 0.108
7.029 0 44 5 6 0.323
6.599 0 5 6 5 0.861
7.352 0 4 5 6 0.0
7.352 0 48 4 7 0.0
7.352 0 45 48 8 0.0
7.46 0 74 75 5 0.106
7.566 0 12 5 6 0.106
7.566 0 51 12 7 0.106
7.672 0 40 22 9 0.0
7.672 0 24 40 10 0.0
7.672 0 23 24 11 0.0
7.672 0 4 5 6 0.544
7.672 0 3 4 7 0.433
7.672 0 33 3 8 0.433
8.105 0 18 33 9 0.0
8.216 0 44 5 6 0.109
2.587 0 6 7 4 5.85
7.566 0 5 6 5 0.759
8.325 0 4 5 6 0.0
8.325 0 86 4 7 0.0
8.437 0 85 15 4 0.111
8.548 0 4 5 6 0.108
8.548 0 3 4 7 0.108
8.548 0 22 3 8 0.108
8.548 0 40 22 9 0.0
8.548 0 24 40 10 0.0
8.548 0 24 24 11 0.0
8.548 0 23 24 12 0.0
0.107 0 7 8 3 8.655
8.548 0 6 7 4 0.214
8.548 0 5 6 5 0.214
8.656 0 12 5 6 0.106
8.656 0 50 12 7 0.106
8.656 0 49 50 8 0.106
8.762 0 59 60 3 0.11
8.762 0 58 59 4 0.11
8.762 0 57 58 5 0.11
8.762 0 84 57 6 0.11
8.762 0 83 84 7 0.11
8.762 0 82 83 8 0.0
8.872 0 12 5 6 0.112
8.872 0 81 12 7 0.112
8.872 0 5 6 5 0.222
8.983 0 4 5 6 0.111
8.983 0 3 4 7 0.0
8.983 0 22 3 8 0.0
8.983 0 40 22 9 0.0
8.983 0 24 40 10 0.0
8.983 0 23 24 11 0.0
9.094 0 64 56 5 0.112
9.094 0 80 64 6 0.112
9.206 0 12 5 6 0.218
9.206 0 27 12 7 0.218
9.317 0 24 27 8 0.107
9.317 0 26 24 9 0.0
9.423 0 4 5 6 0.106
9.423 0 3 4 7 0.106
9.423 0 25 3 8 0.0
9.53 0 12 5 6 0.109
9.53 0 19 12 7 0.109
9.638 0 24 25 9 0.11
9.638 0 24 24 10 0.11
9.638 0 24 24 11 0.11
9.748 0 24 24 12 0.0
9.748 0 23 24 13 0.0
9.638 0 47 3 8 0.332
9.638 0 4 5 6 0.662
9.638 0 3 4 7 0.662
10.19 0 36 3 8 0.111
10.19 0 79 36 9 0.111
10.3 0 12 5 6 0.109
10.3 0 11 12 7 0.109
10.3 0 21 11 8 0.109
10.3 0 20 21 9 0.0
10.409 0 4 5 6 0.108
10.409 0 3 4 7 0.108
10.409 0 78 3 8 0.108
10.517 0 24 27 8 0.0
10.517 0 24 24 9 0.0
10.517 0 24 24 10 0.0
10.517 0 24 24 11 0.0
10.517 0 23 24 12 0.0
10.517 0 19 12 7 0.217
10.733 0 46 35 7 0.106
10.517 0 12 5 6 0.433
10.839 0 11 12 7 0.111
10.839 0 21 11 8 0.0
10.839 0 21 21 9 0.0
10.839 0 21 21 10 0.0
10.839 0 40 21 11 0.0
10.839 0 24 40 12 0.0
10.839 0 23 24 13 0.0
11.059 0 77 3 8 0.108
9.206 0 5 6 5 2.284
10.95 0 4 5 6 0.434
10.95 0 3 4 7 0.434
11.383 0 36 3 8 0.0
11.383 0 76 36 9 0.0
11.489 0 74 75 5 0.111
11.6 0 5 6 5 0.106
11.6 0 12 5 6 0.106
11.6 0 50 12 7 0.106
11.6 0 49 50 8 0.106
11.706 0 38 39 5 0.111
11.706 0 37 38 6 0.111
11.706 0 36 37 7 0.0
11.706 0 42 36 8 0.0
11.817 0 35 5 6 0.218
11.817 0 5 6 5 0.329
12.035 0 4 5 6 0.111
12.035 0 3 4 7 0.111
12.035 0 47 3 8 0.111
8.872 0 39 7 4 3.387
12.146 0 38 39 5 0.112
12.146 0 37 38 6 0.0
12.146 0 36 37 7 0.0
12.146 0 42 36 8 0.0
12.259 0 14 15 4 0.108
12.259 0 28 14 5 0.108
12.367 0 12 5 6 0.107
12.367 0 51 12 7 0.107
12.474 0 4 5 6 0.11
12.474 0 3 4 7 0.11
12.474 0 47 3 8 0.0
12.367 0 5 6 5 0.327
12.583 0 35 5 6 0.11
12.583 0 34 35 7 0.11
12.694 0 38 39 5 0.112
12.694 0 37 38 6 0.112
12.694 0 36 37 7 0.112
12.694 0 42 36 8 0.0
12.805 0 4 5 6 0.221
12.805 0 3 4 7 0.221
12.917 0 2 3 8 0.11
13.027 0 12 5 6 0.109
13.027 0 11 12 7 0.109
13.027 0 40 11 8 0.109
13.027 0 23 40 9 0.109
13.135 0 23 25 9 0.108
13.135 0 4 5 6 0.214
13.135 0 3 4 7 0.214
13.135 0 2 3 8 0.108
13.243 0 52 2 9 0.0
13.35 0 12 5 6 0.106
13.35 0 32 12 7 0.106
13.456 0 4 5 6 0.217
13.456 0 3 4 7 0.217
13.456 0 47 3 8 0.217
13.672 0 21 11 8 0.11
13.672 0 21 21 9 0.11
13.672 0 73 21 10 0.11
13.782 0 24 27 8 0.106
13.782 0 24 24 9 0.106
13.782 0 23 24 10 0.106
13.889 0 21 11 8 0.0
13.889 0 21 21 9 0.0
13.889 0 21 21 10 0.0
13.889 0 21 21 11 0.0
13.889 0 21 21 12 0.0
13.889 0 21 21 13 0.0
13.672 0 12 5 6 0.437
13.672 0 19 12 7 0.437
14.109 0 18 19 8 0.0
14.327 0 12 5 6 0.223
14.327 0 17 12 7 0.223
14.55 0 2 3 8 0.109
14.879 0 42 36 9 0.0
12.805 0 5 6 5 2.512
14.55 0 4 5 6 0.767
14.55 0 3 4 7 0.659
14.879 0 25 3 8 0.33
15.317 0 35 62 5 0.11
15.317 0 72 35 6 0.11
15.427 0 5 6 5 0.107
15.427 0 4 5 6 0.107
15.427 0 3 4 7 0.107
15.427 0 47 3 8 0.107
15.534 0 38 39 5 0.11
15.534 0 37 38 6 0.11
15.534 0 36 37 7 0.0
15.534 0 42 36 8 0.0
12.367 0 6 7 4 3.277
15.644 0 5 6 5 0.0
15.644 0 71 5 6 0.0
15.862 0 18 19 8 0.0
15.862 0 12 5 6 0.329
15.862 0 50 12 7 0.329
16.079 0 49 50 8 0.111
16.191 0 29 3 8 0.0
16.191 0 4 5 6 0.218
16.191 0 48 4 7 0.218
16.409 0 35 5 6 0.107
16.409 0 46 35 7 0.107
16.409 0 45 46 8 0.107
16.625 0 42 36 9 0.108
16.517 0 4 5 6 0.326
16.517 0 3 4 7 0.326
16.517 0 25 3 8 0.326
16.734 0 24 25 9 0.109
16.734 0 24 24 10 0.109
16.734 0 26 24 11 0.109
16.842 0 21 11 8 0.0
16.842 0 40 21 9 0.0
16.842 0 24 40 10 0.0
16.842 0 23 24 11 0.0
16.842 0 12 5 6 0.331
16.842 0 51 12 7 0.331
17.173 0 70 22 9 0.11
17.173 0 4 5 6 0.219
17.173 0 3 4 7 0.219
17.173 0 36 3 8 0.11
17.283 0 42 36 9 0.0
15.862 0 6 7 4 1.641
15.862 0 5 6 5 1.641
17.392 0 12 5 6 0.0
17.392 0 67 12 7 0.0
17.503 0 31 15 4 0.11
17.503 0 69 31 5 0.11
17.613 0 5 6 5 0.108
17.613 0 12 5 6 0.108
17.613 0 51 12 7 0.0
17.721 0 35 62 5 0.108
17.721 0 46 35 6 0.108
17.829 0 5 6 5 0.107
17.829 0 4 5 6 0.107
17.829 0 3 4 7 0.107
17.829 0 22 3 8 0.0
17.829 0 21 22 9 0.0
17.829 0 21 21 10 0.0
17.829 0 21 21 11 0.0
17.829 0 21 21 12 0.0
17.829 0 21 21 13 0.0
17.829 0 21 21 14 0.0
17.829 0 21 21 15 0.0
17.829 0 40 21 16 0.0
17.829 0 23 40 17 0.0
17.936 0 55 56 5 0.109
17.936 0 54 55 6 0.109
17.936 0 53 54 7 0.109
18.046 0 11 12 7 0.107
18.046 0 21 11 8 0.0
18.046 0 40 21 9 0.0
18.046 0 26 40 10 0.0
18.046 0 35 5 6 0.218
18.152 0 46 35 7 0.111
18.046 0 5 6 5 0.328
18.263 0 4 5 6 0.11
18.263 0 3 4 7 0.0
18.263 0 22 3 8 0.0
18.263 0 21 22 9 0.0
18.263 0 21 21 10 0.0
18.263 0 40 21 11 0.0
18.263 0 24 40 12 0.0
18.263 0 23 24 13 0.0
18.373 0 64 56 5 0.11
18.373 0 68 64 6 0.11
18.483 0 5 6 5 0.108
18.483 0 12 5 6 0.108
18.483 0 11 12 7 0.0
18.483 0 40 11 8 0.0
18.483 0 24 40 9 0.0
18.483 0 23 24 10 0.0
18.591 0 64 56 5 0.108
18.591 0 68 64 6 0.108
18.7 0 33 3 8 0.0
18.7 0 5 6 5 0.323
18.7 0 4 5 6 0.323
18.7 0 3 4 7 0.216
18.916 0 25 3 8 0.0
18.916 0 24 25 9 0.0
18.916 0 24 24 10 0.0
18.916 0 23 24 11 0.0
19.023 0 12 62 5 0.11
19.023 0 67 12 6 0.11
19.133 0 4 5 6 0.217
19.133 0 3 4 7 0.109
19.242 0 25 3 8 0.0
19.242 0 24 25 9 0.0
19.242 0 23 24 10 0.0
19.35 0 44 5 6 0.111
19.133 0 5 6 5 0.434
19.461 0 4 5 6 0.106
19.461 0 48 4 7 0.106
19.461 0 45 48 8 0.0
19.567 0 55 56 5 0.109
19.567 0 54 55 6 0.109
19.567 0 53 54 7 0.109
19.783 0 42 36 9 0.107
19.89 0 23 24 10 0.0
19.676 0 4 5 6 0.433
19.676 0 3 4 7 0.433
19.676 0 25 3 8 0.324
19.89 0 24 25 9 0.11
19.676 0 5 6 5 0.542
20.109 0 12 5 6 0.109
20.109 0 32 12 7 0.109
20.218 0 38 39 5 0.108
20.218 0 37 38 6 0.108
20.218 0 36 37 7 0.108
20.325 0 12 5 6 0.107
20.325 0 27 12 7 0.107
20.325 0 24 27 8 0.107
20.325 0 23 24 9 0.0
20.432 0 4 5 6 0.108
20.432 0 3 4 7 0.0
20.432 0 33 3 8 0.0
20.65 0 24 27 8 0.0
20.65 0 24 24 9 0.0
20.65 0 23 24 10 0.0
20.869 0 10 11 8 0.107
20.54 0 12 5 6 0.544
20.65 0 27 12 7 0.434
20.976 0 24 27 8 0.0
20.976 0 23 24 9 0.0
21.195 0 24 24 10 0.0
21.195 0 24 24 11 0.0
21.195 0 24 24 12 0.0
21.195 0 24 24 13 0.0
21.195 0 26 24 14 0.0
21.195 0 25 3 8 0.111
21.195 0 23 25 9 0.111
21.084 0 4 5 6 0.547
21.084 0 3 4 7 0.547
21.52 0 33 3 8 0.0
21.52 0 18 33 9 0.0
21.631 0 35 5 6 0.111
21.631 0 46 35 7 0.111
21.742 0 25 3 8 0.0
21.742 0 24 25 9 0.0
21.742 0 24 24 10 0.0
21.742 0 23 24 11 0.0
21.742 0 4 5 6 0.218
21.742 0 66 4 7 0.109
21.96 0 12 5 6 0.109
22.069 0 33 3 8 0.0
22.069 0 4 5 6 0.215
22.069 0 65 4 7 0.215
20.325 0 5 6 5 2.069
22.284 0 12 5 6 0.111
22.284 0 11 12 7 0.0
22.284 0 40 11 8 0.0
22.284 0 24 40 9 0.0
22.284 0 24 24 10 0.0
22.394 0 64 56 5 0.109
22.394 0 63 64 6 0.109
22.504 0 4 5 6 0.109
22.504 0 3 4 7 0.109
22.613 0 12 5 6 0.109
22.613 0 11 12 7 0.109
22.613 0 40 11 8 0.109
22.613 0 23 40 9 0.0
22.723 0 4 5 6 0.111
22.723 0 3 4 7 0.111
22.723 0 29 3 8 0.0
22.504 0 5 6 5 0.66
22.833 0 12 5 6 0.331
22.833 0 11 12 7 0.331
23.055 0 21 11 8 0.109
23.055 0 40 21 9 0.0
23.055 0 24 40 10 0.0
23.055 0 26 24 11 0.0
23.164 0 38 39 5 0.109
23.164 0 37 38 6 0.109
23.164 0 36 37 7 0.0
23.164 0 42 36 8 0.0
23.273 0 12 62 5 0.11
23.273 0 51 12 6 0.11
23.384 0 4 5 6 0.219
23.384 0 3 4 7 0.219
23.384 0 22 3 8 0.219
23.495 0 21 22 9 0.108
17.613 0 6 7 4 6.1
23.384 0 5 6 5 0.33
23.603 0 12 5 6 0.0
23.603 0 11 12 7 0.0
23.603 0 21 11 8 0.0
23.603 0 21 21 9 0.0
23.603 0 21 21 10 0.0
23.603 0 10 21 11 0.0
23.713 0 31 15 4 0.107
23.713 0 61 31 5 0.107
23.82 0 29 3 8 0.0
8.872 0 7 8 3 15.383
23.82 0 6 7 4 0.435
23.82 0 5 6 5 0.435
23.82 0 4 5 6 0.324
23.82 0 3 4 7 0.324
24.144 0 25 3 8 0.0
24.255 0 59 60 3 0.111
24.255 0 58 59 4 0.111
24.255 0 57 58 5 0.111
24.366 0 55 56 5 0.11
24.366 0 54 55 6 0.11
24.366 0 53 54 7 0.11
24.476 0 4 5 6 0.11
24.476 0 3 4 7 0.0
24.476 0 33 3 8 0.0
24.697 0 21 11 8 0.0
24.697 0 21 21 9 0.0
24.697 0 21 21 10 0.0
24.697 0 21 21 11 0.0
24.697 0 40 21 12 0.0
24.697 0 23 40 13 0.0
24.586 0 12 5 6 0.326
24.697 0 27 12 7 0.215
24.912 0 4 5 6 0.111
24.912 0 3 4 7 0.111
24.912 0 2 3 8 0.0
24.912 0 52 2 9 0.0
25.023 0 12 5 6 0.11
25.023 0 51 12 7 0.11
25.134 0 4 5 6 0.11
25.134 0 3 4 7 0.0
25.134 0 25 3 8 0.0
25.134 0 24 25 9 0.0
25.134 0 24 24 10 0.0
25.134 0 24 24 11 0.0
25.134 0 23 24 12 0.0
25.244 0 12 5 6 0.221
25.354 0 50 12 7 0.11
25.354 0 49 50 8 0.11
24.476 0 5 6 5 1.095
25.464 0 4 5 6 0.107
25.464 0 3 4 7 0.107
25.464 0 29 3 8 0.107
25.572 0 38 39 5 0.111
25.572 0 37 38 6 0.111
25.572 0 36 37 7 0.111
25.572 0 42 36 8 0.111
25.683 0 45 48 8 0.108
25.683 0 4 5 6 0.217
25.683 0 3 4 7 0.217
25.792 0 47 3 8 0.0
25.9 0 46 35 7 0.22
26.009 0 45 46 8 0.0
26.12 0 32 12 7 0.0
25.9 0 44 5 6 0.439
24.366 0 6 7 4 2.084
25.683 0 5 6 5 0.767
26.339 0 4 5 6 0.0
26.339 0 3 4 7 0.0
26.339 0 33 3 8 0.0
26.45 0 14 15 4 0.107
26.45 0 28 14 5 0.107
26.557 0 12 5 6 0.22
26.557 0 11 12 7 0.22
26.666 0 21 11 8 0.111
26.666 0 21 21 9 0.111
26.666 0 41 21 10 0.0
26.777 0 25 3 8 0.0
26.777 0 23 25 9 0.0
26.777 0 4 5 6 0.217
26.777 0 3 4 7 0.217
26.994 0 12 5 6 0.107
26.994 0 43 12 7 0.107
27.102 0 4 5 6 0.22
27.102 0 3 4 7 0.22
27.102 0 25 3 8 0.22
27.213 0 24 25 9 0.0
27.213 0 23 24 10 0.0
27.322 0 12 5 6 0.111
27.322 0 27 12 7 0.111
27.322 0 23 27 8 0.111
27.433 0 24 25 9 0.11
27.433 0 24 24 10 0.0
27.433 0 23 24 11 0.0
27.543 0 42 36 9 0.109
27.433 0 4 5 6 0.329
27.433 0 3 4 7 0.329
27.433 0 25 3 8 0.329
27.652 0 24 25 9 0.0
27.652 0 24 24 10 0.0
27.652 0 23 24 11 0.0
27.762 0 12 5 6 0.108
27.762 0 11 12 7 0.108
27.762 0 41 11 8 0.108
26.557 0 5 6 5 1.423
27.87 0 4 5 6 0.109
27.87 0 3 4 7 0.109
27.87 0 22 3 8 0.0
27.87 0 21 22 9 0.0
27.87 0 21 21 10 0.0
27.87 0 21 21 11 0.0
27.87 0 21 21 12 0.0
27.87 0 21 21 13 0.0
27.87 0 40 21 14 0.0
27.87 0 24 40 15 0.0
27.87 0 24 24 16 0.0
27.87 0 26 24 17 0.0
27.98 0 38 39 5 0.111
27.98 0 37 38 6 0.111
27.98 0 36 37 7 0.111
28.091 0 35 5 6 0.11
28.091 0 34 35 7 0.11
28.2 0 4 5 6 0.113
28.2 0 3 4 7 0.113
28.2 0 33 3 8 0.0
28.313 0 12 5 6 0.107
28.313 0 32 12 7 0.107
26.557 0 6 7 4 1.973
28.091 0 5 6 5 0.439
28.421 0 4 5 6 0.109
28.421 0 3 4 7 0.109
28.53 0 25 3 8 0.0
28.53 0 24 25 9 0.0
28.53 0 24 24 10 0.0
28.53 0 23 24 11 0.0
28.751 0 12 5 6 0.111
28.751 0 27 12 7 0.111
28.751 0 24 27 8 0.111
28.751 0 23 24 9 0.111
28.751 0 6 7 4 0.217
28.751 0 5 6 5 0.217
28.862 0 4 5 6 0.0
28.862 0 3 4 7 0.0
28.862 0 25 3 8 0.0
28.862 0 23 25 9 0.0
28.968 0 31 15 4 0.111
28.968 0 30 31 5 0.111
29.079 0 4 5 6 0.107
29.079 0 3 4 7 0.107
29.079 0 29 3 8 0.0
29.079 0 6 7 4 0.214
29.079 0 5 6 5 0.214
29.186 0 12 5 6 0.0
29.186 0 17 12 7 0.0
29.292 0 14 15 4 0.108
29.292 0 28 14 5 0.108
29.401 0 12 5 6 0.106
29.401 0 27 12 7 0.106
29.727 0 24 24 12 0.0
29.727 0 26 24 13 0.0
29.727 0 24 25 9 0.215
29.727 0 24 24 10 0.215
29.727 0 23 24 11 0.215
29.507 0 4 5 6 0.543
29.507 0 3 4 7 0.543
29.727 0 22 3 8 0.323
29.942 0 21 22 9 0.0
29.942 0 21 21 10 0.0
29.942 0 20 21 11 0.0
30.05 0 18 19 8 0.0
30.05 0 12 5 6 0.329
30.05 0 17 12 7 0.329
29.401 0 6 7 4 1.089
29.401 0 5 6 5 1.089
30.38 0 4 5 6 0.0
30.38 0 3 4 7 0.0
30.38 0 16 3 8 0.0
30.49 0 14 15 4 0.111
30.49 0 13 14 5 0.111
30.601 0 12 5 6 0.216
30.601 0 11 12 7 0.216
30.707 0 10 11 8 0.11
0.107 0 8 9 2 30.71
24.366 0 7 8 3 6.451
30.601 0 6 7 4 0.216
30.601 0 5 6 5 0.216
30.817 0 4 5 6 0.0
30.817 0 3 4 7 0.0
30.817 0 2 3 8 0.0
0.107 0 1 0 0 30.715
0.107 0 0 1 1 30.715